7152
2 0 77 
3 0 
0 509 
1 1 
0 640 
2 1 728 
3 1 
1 2 
1 1 
3 1 
3 0 
2 0 729 
1 1 
3 0 
0 545 
0 822 
1 2 
1 2 
3 1 
0 105 
1 1 
0 8 
3 0 
2 2 554 
1 3 
0 350 
3 2 
2 2 975 
2 0 164 
2 4 78 
0 672 
1 2 
2 3 188 
2 2 940 
3 3 
0 634 
0 851 
2 8 912 
1 9 
3 9 
0 43 
3 0 
2 10 486 
0 352 
3 6 
1 2 
0 138 
1 6 
0 222 
2 2 974 
0 928 
1 3 
3 15 
2 14 977 
2 4 339 
1 9 
3 3 
1 4 
3 5 
1 6 
1 1 
3 1 
1 3 
0 498 
3 1 
0 963 
3 11 
2 0 716 
1 1 
2 14 902 
3 0 
0 65 
2 6 436 
0 516 
3 9 
3 2 
0 516 
0 407 
0 705 
1 14 
0 564 
3 8 
2 18 122 
2 4 336 
1 5 
3 4 
1 9 
2 5 445 
1 13 
3 18 
2 19 79 
2 14 925 
0 131 
2 20 463 
0 638 
0 968 
3 21 
2 5 872 
2 22 340 
2 21 807 
0 355 
2 7 787 
1 24 
2 0 472 
0 984 
0 38 
3 27 
3 27 
0 542 
1 29 
0 514 
1 26 
2 31 642 
3 29 
3 23 
3 23 
0 936 
3 16 
2 14 273 
1 8 
1 6 
0 274 
2 17 549 
2 10 27 
3 6 
0 209 
0 898 
2 4 499 
2 10 935 
0 729 
3 29 
0 374 
3 36 
3 6 
0 744 
0 927 
2 24 281 
1 27 
1 2 
3 11 
0 321 
2 20 636 
2 33 641 
3 39 
0 293 
1 11 
1 25 
0 734 
1 37 
3 1 
1 27 
3 0 
2 9 21 
1 32 
2 14 350 
3 0 
2 36 600 
0 911 
1 42 
3 19 
2 33 877 
0 139 
0 468 
0 632 
1 7 
1 34 
3 17 
2 24 418 
2 14 291 
0 860 
1 7 
3 32 
2 11 928 
2 33 685 
0 682 
1 43 
1 0 
2 26 401 
3 26 
1 13 
1 1 
0 569 
3 51 
3 15 
3 5 
1 36 
2 14 176 
1 8 
1 18 
0 287 
3 33 
0 824 
0 37 
2 25 738 
2 8 258 
2 18 883 
2 20 537 
3 17 
2 32 799 
2 39 365 
3 23 
0 475 
0 885 
0 298 
1 0 
2 28 822 
2 34 203 
3 37 
1 22 
1 6 
0 544 
0 488 
3 37 
2 40 676 
2 58 182 
1 61 
1 25 
1 51 
2 49 186 
2 52 233 
0 577 
2 12 843 
1 1 
3 19 
0 507 
3 11 
2 13 302 
1 14 
1 62 
1 45 
0 761 
1 23 
0 232 
3 40 
3 41 
3 13 
1 41 
0 627 
1 42 
1 2 
2 31 244 
3 45 
3 41 
3 50 
1 3 
2 3 500 
2 53 70 
3 56 
1 52 
0 415 
0 241 
3 19 
3 28 
1 24 
1 62 
3 40 
2 29 98 
2 49 815 
3 12 
0 92 
3 30 
3 53 
0 203 
3 40 
0 338 
3 22 
2 30 621 
2 28 78 
0 881 
3 63 
3 31 
0 628 
3 26 
0 332 
3 6 
0 503 
1 60 
2 36 934 
3 36 
3 48 
0 196 
1 54 
2 46 53 
0 668 
0 566 
1 0 
0 685 
3 27 
2 55 395 
2 12 574 
1 3 
1 10 
2 9 904 
1 15 
3 46 
1 67 
2 36 83 
3 54 
0 756 
1 50 
3 16 
1 3 
3 40 
3 30 
1 2 
2 0 768 
0 168 
0 378 
3 49 
3 66 
3 6 
2 19 22 
0 945 
3 50 
0 932 
1 1 
2 7 986 
2 20 453 
2 15 757 
0 492 
2 69 64 
1 6 
0 789 
2 67 277 
0 765 
2 19 990 
3 39 
2 41 57 
3 17 
2 36 8 
0 299 
0 749 
3 19 
0 453 
2 39 16 
3 8 
2 22 870 
2 35 505 
2 25 437 
2 33 215 
3 4 
1 10 
3 26 
1 31 
2 11 284 
0 868 
3 46 
0 776 
1 19 
0 810 
1 3 
1 22 
1 10 
0 719 
0 209 
0 601 
1 75 
3 65 
0 641 
1 50 
0 310 
1 48 
3 71 
2 17 992 
0 1 
0 442 
0 613 
2 2 975 
0 247 
1 55 
3 85 
0 804 
0 120 
0 992 
0 358 
0 938 
0 537 
3 32 
3 100 
3 68 
1 86 
3 22 
0 654 
0 964 
0 257 
3 34 
2 65 64 
0 244 
0 112 
3 89 
3 93 
3 70 
0 664 
0 402 
3 75 
3 12 
3 16 
2 80 439 
0 225 
1 10 
3 94 
3 55 
3 53 
0 383 
2 15 664 
1 77 
1 81 
0 741 
1 29 
2 38 924 
0 50 
1 66 
0 812 
2 11 223 
1 66 
3 101 
0 778 
3 47 
1 90 
1 37 
2 15 577 
1 59 
0 621 
2 53 762 
3 62 
1 47 
2 39 925 
3 99 
1 56 
1 103 
3 83 
0 417 
0 89 
0 8 
2 17 88 
0 81 
1 82 
2 103 907 
1 1 
1 54 
2 18 375 
0 894 
1 38 
3 83 
2 81 38 
1 16 
2 90 903 
2 88 495 
1 38 
3 33 
2 90 565 
1 41 
3 110 
1 71 
3 40 
2 91 158 
3 51 
3 107 
1 97 
2 51 571 
0 381 
1 15 
3 77 
3 10 
2 26 513 
1 2 
2 33 512 
0 856 
0 397 
3 9 
3 51 
1 82 
3 97 
1 84 
0 877 
0 789 
1 96 
0 551 
1 87 
1 77 
1 1 
0 913 
3 74 
0 456 
0 387 
1 105 
0 32 
2 17 886 
3 57 
3 0 
0 996 
3 18 
0 195 
3 35 
2 79 472 
3 44 
2 28 221 
1 101 
0 427 
3 11 
2 99 37 
1 79 
0 520 
2 24 593 
2 0 13 
1 92 
1 70 
1 122 
1 19 
3 4 
2 14 972 
3 90 
0 616 
2 97 98 
1 24 
0 963 
0 891 
3 75 
1 115 
0 41 
0 914 
3 51 
2 32 826 
1 75 
2 42 474 
1 124 
3 35 
2 28 577 
3 50 
1 39 
1 30 
1 122 
2 16 625 
2 89 121 
2 54 540 
1 71 
1 106 
0 476 
2 40 886 
1 69 
0 848 
3 31 
0 162 
3 72 
3 110 
2 46 941 
1 43 
2 33 117 
2 19 377 
1 47 
2 85 751 
0 372 
1 20 
2 17 457 
2 100 136 
1 13 
0 284 
3 25 
2 37 829 
3 19 
3 122 
0 331 
1 35 
2 126 6 
3 124 
2 56 52 
0 880 
3 87 
0 748 
3 85 
3 126 
0 342 
3 118 
1 11 
0 329 
0 489 
3 134 
2 111 154 
1 9 
3 92 
0 817 
2 35 994 
3 85 
0 142 
2 71 87 
2 57 40 
3 80 
1 137 
3 96 
0 834 
2 54 887 
1 21 
0 358 
0 854 
1 27 
2 106 732 
2 64 355 
1 42 
2 55 8 
1 22 
3 140 
3 117 
0 318 
0 634 
2 136 846 
3 97 
0 330 
0 827 
3 38 
1 33 
3 10 
2 85 972 
3 0 
0 997 
2 98 582 
3 71 
1 31 
0 870 
3 16 
0 984 
2 129 760 
2 46 285 
1 85 
3 141 
1 56 
1 84 
0 628 
3 74 
0 975 
2 9 840 
0 20 
1 91 
0 105 
3 17 
3 134 
2 27 443 
3 134 
1 68 
0 194 
3 28 
2 145 994 
0 53 
3 151 
1 104 
3 69 
3 64 
2 77 531 
3 147 
3 145 
1 39 
1 11 
2 59 317 
0 804 
1 21 
3 146 
1 138 
3 64 
3 89 
1 82 
0 359 
3 41 
0 775 
1 119 
0 631 
2 123 30 
0 566 
1 103 
3 32 
0 860 
2 133 422 
1 2 
2 34 233 
2 33 778 
1 53 
3 112 
0 183 
0 930 
3 34 
3 5 
2 14 503 
1 97 
0 93 
1 50 
2 90 621 
1 97 
1 31 
0 688 
3 23 
1 83 
0 735 
2 124 711 
2 18 172 
1 157 
0 353 
1 62 
0 643 
3 32 
1 161 
3 115 
2 107 521 
2 115 494 
1 42 
1 106 
2 49 969 
1 116 
1 54 
1 60 
1 56 
2 131 731 
0 900 
3 74 
1 59 
2 85 65 
3 147 
0 564 
3 164 
2 130 13 
3 114 
0 365 
3 76 
1 45 
0 212 
3 79 
0 983 
3 91 
2 28 999 
1 79 
3 143 
3 21 
1 45 
1 98 
1 140 
0 407 
3 82 
0 922 
2 5 58 
0 462 
3 28 
3 32 
2 23 872 
2 119 671 
3 164 
0 494 
3 74 
3 99 
2 145 428 
1 53 
0 291 
1 153 
2 153 693 
3 33 
1 149 
1 123 
2 4 889 
3 164 
1 52 
3 80 
2 62 881 
3 10 
1 49 
0 343 
0 377 
3 26 
0 849 
3 50 
2 29 656 
3 49 
2 61 775 
2 159 810 
3 68 
1 99 
1 83 
2 145 202 
0 401 
2 65 102 
3 103 
0 382 
1 110 
3 60 
0 362 
0 985 
0 6 
1 131 
1 45 
0 725 
2 41 796 
0 929 
1 135 
1 136 
3 1 
2 1 39 
2 145 379 
2 11 57 
3 130 
0 16 
3 147 
0 594 
0 854 
3 121 
3 65 
2 21 367 
0 686 
0 334 
0 43 
0 244 
3 65 
0 996 
0 680 
1 156 
0 631 
2 34 431 
3 159 
2 132 228 
3 140 
3 156 
3 171 
3 123 
0 367 
2 159 981 
0 686 
2 34 540 
2 166 801 
0 606 
1 8 
0 459 
2 131 123 
2 87 893 
0 722 
2 81 858 
3 17 
0 34 
3 129 
1 169 
0 470 
1 56 
1 90 
0 896 
2 11 516 
0 166 
1 106 
0 944 
1 168 
0 799 
1 51 
0 935 
3 68 
0 594 
0 369 
3 94 
2 0 229 
3 72 
3 104 
3 122 
0 866 
2 173 960 
3 87 
3 161 
3 77 
0 91 
1 169 
2 50 510 
2 47 904 
2 54 354 
1 158 
2 178 701 
1 132 
2 188 552 
3 34 
1 34 
3 9 
3 123 
0 144 
0 973 
1 170 
3 24 
1 149 
1 181 
2 39 880 
2 93 329 
3 95 
1 134 
2 132 362 
3 181 
3 0 
1 53 
0 35 
0 86 
0 172 
3 122 
2 67 908 
2 191 726 
0 23 
0 1000 
0 66 
1 175 
2 205 335 
2 122 961 
1 115 
0 651 
2 127 502 
3 2 
3 151 
3 3 
2 51 79 
2 19 409 
0 795 
3 208 
0 543 
3 161 
2 98 378 
2 23 33 
3 204 
0 283 
0 35 
0 29 
3 155 
0 898 
0 718 
0 977 
2 129 954 
1 58 
1 142 
0 73 
3 6 
2 4 768 
2 169 585 
1 185 
0 966 
1 128 
1 28 
2 158 382 
0 571 
0 158 
1 71 
3 213 
2 153 865 
0 314 
3 97 
3 52 
0 578 
0 1 
3 42 
1 60 
1 168 
2 159 664 
0 458 
1 126 
1 180 
3 158 
3 167 
3 106 
3 86 
0 418 
2 166 58 
2 56 552 
1 45 
3 52 
0 733 
0 994 
0 287 
3 94 
3 133 
1 127 
0 643 
2 177 577 
2 1 1000 
2 5 501 
1 147 
0 875 
1 139 
3 27 
2 116 944 
2 219 148 
2 63 47 
3 90 
0 72 
0 751 
2 148 338 
1 135 
1 84 
1 59 
0 696 
2 223 960 
1 59 
0 140 
1 31 
3 52 
3 12 
3 171 
2 143 985 
1 6 
0 464 
1 48 
1 130 
1 93 
3 92 
2 119 508 
2 38 89 
0 201 
0 877 
0 516 
1 235 
0 484 
2 31 821 
1 131 
2 85 291 
1 153 
0 367 
2 12 871 
1 80 
2 214 15 
2 153 570 
3 112 
3 82 
2 162 280 
3 54 
3 2 
1 132 
3 108 
1 142 
1 165 
2 224 289 
3 190 
1 70 
3 184 
2 200 706 
1 189 
1 224 
3 98 
0 534 
3 210 
2 114 259 
2 98 635 
1 113 
2 214 83 
1 175 
0 571 
3 241 
1 57 
2 202 657 
0 229 
2 43 963 
3 148 
1 180 
2 81 921 
3 23 
0 214 
1 93 
1 69 
0 792 
1 138 
0 677 
3 181 
2 58 408 
0 335 
3 168 
2 244 395 
1 109 
3 190 
1 14 
1 42 
2 194 457 
3 234 
0 636 
1 231 
0 653 
2 178 640 
3 236 
0 392 
0 681 
2 52 350 
3 134 
2 50 6 
2 153 417 
1 118 
3 129 
3 137 
0 333 
0 533 
1 7 
1 211 
1 104 
1 106 
2 25 651 
1 234 
3 174 
0 250 
3 53 
0 129 
0 179 
0 797 
3 55 
0 743 
2 16 99 
0 648 
3 109 
3 35 
2 34 161 
1 36 
1 225 
1 236 
3 74 
3 144 
2 64 551 
1 150 
3 203 
2 63 84 
2 86 856 
1 247 
1 216 
0 823 
3 51 
3 29 
2 134 141 
0 221 
2 205 370 
2 40 495 
0 945 
1 253 
3 0 
0 202 
3 28 
0 52 
3 83 
2 6 567 
2 115 516 
3 100 
2 34 862 
1 182 
3 126 
1 52 
2 61 88 
2 12 411 
1 118 
1 109 
2 239 12 
0 910 
0 246 
0 571 
1 167 
1 120 
0 884 
0 597 
3 140 
3 222 
1 196 
0 581 
3 121 
3 63 
0 90 
2 154 857 
1 255 
3 81 
1 127 
3 41 
3 256 
1 12 
2 248 127 
3 184 
3 198 
1 137 
1 201 
1 261 
0 176 
0 780 
2 215 876 
3 24 
0 168 
3 164 
3 242 
3 186 
1 213 
3 173 
0 579 
0 521 
0 300 
1 167 
2 188 627 
3 171 
3 136 
0 730 
0 794 
2 72 366 
3 3 
2 63 609 
1 124 
3 245 
1 22 
3 89 
2 137 623 
1 266 
2 122 340 
1 61 
1 207 
0 820 
1 49 
0 473 
1 75 
3 172 
3 122 
3 100 
3 222 
3 88 
3 226 
3 148 
0 965 
2 100 803 
0 208 
3 142 
1 132 
3 221 
1 163 
0 929 
1 217 
1 214 
1 132 
1 36 
0 471 
0 852 
1 144 
1 161 
1 135 
0 254 
3 219 
3 187 
3 92 
0 565 
0 72 
2 35 611 
2 134 811 
0 254 
3 264 
0 43 
1 151 
2 194 276 
0 862 
2 262 931 
3 147 
3 139 
3 89 
2 199 421 
2 68 911 
1 199 
1 133 
3 109 
2 269 621 
2 33 975 
1 133 
3 128 
3 60 
1 92 
0 564 
2 165 664 
1 101 
0 15 
0 541 
3 172 
1 211 
1 265 
0 617 
2 276 587 
1 253 
0 701 
3 217 
0 333 
0 790 
2 216 382 
1 253 
0 61 
1 171 
3 84 
2 230 599 
1 272 
1 37 
0 391 
1 83 
0 434 
1 206 
0 653 
2 207 3 
0 753 
3 229 
1 233 
2 131 904 
1 0 
3 80 
1 103 
3 58 
0 977 
0 143 
0 788 
0 539 
0 537 
0 216 
1 240 
3 40 
2 239 48 
0 931 
3 51 
0 423 
0 615 
0 788 
0 980 
3 22 
1 29 
3 131 
0 810 
1 111 
3 26 
2 97 822 
0 90 
0 662 
1 265 
0 820 
1 197 
0 153 
1 22 
2 164 281 
0 441 
1 288 
2 173 646 
2 42 603 
0 223 
3 78 
2 171 583 
2 143 888 
1 243 
0 891 
0 275 
0 652 
2 98 811 
2 210 856 
0 594 
0 964 
3 138 
2 30 130 
3 107 
3 172 
0 842 
3 233 
3 236 
2 242 343 
1 13 
0 126 
0 476 
3 78 
2 175 2 
3 260 
3 276 
2 290 679 
2 206 63 
3 71 
3 184 
2 286 932 
2 70 623 
2 210 119 
2 18 476 
0 266 
0 730 
1 297 
0 103 
2 37 93 
0 509 
0 269 
3 300 
0 77 
0 424 
2 115 278 
2 178 421 
2 160 224 
0 589 
0 419 
2 65 631 
0 79 
0 504 
0 55 
0 869 
2 0 726 
3 35 
1 304 
0 603 
0 464 
0 853 
1 121 
1 89 
0 136 
1 134 
3 181 
1 278 
1 273 
2 65 909 
3 100 
0 537 
1 242 
3 145 
2 64 84 
2 325 461 
2 86 348 
1 82 
1 201 
0 295 
3 247 
3 52 
1 141 
1 74 
2 56 40 
1 110 
3 51 
0 454 
3 6 
0 474 
2 161 367 
2 114 293 
2 170 866 
3 85 
0 434 
3 221 
3 224 
2 64 456 
3 263 
3 241 
2 44 180 
2 160 497 
2 19 330 
3 297 
2 94 453 
3 218 
3 206 
2 247 738 
1 249 
0 7 
0 295 
2 324 302 
3 323 
3 172 
2 284 850 
3 109 
2 33 587 
1 210 
0 613 
0 182 
0 769 
1 0 
0 724 
0 679 
3 290 
1 189 
3 319 
3 154 
2 54 15 
2 187 664 
1 232 
0 487 
3 12 
0 545 
1 3 
2 105 516 
1 297 
3 281 
0 686 
2 11 180 
1 250 
2 311 513 
3 185 
1 205 
2 148 242 
1 8 
2 101 64 
3 181 
2 339 328 
3 222 
3 222 
2 88 101 
0 183 
0 577 
0 743 
0 851 
1 275 
1 225 
0 449 
1 301 
2 140 752 
2 353 592 
0 359 
3 144 
1 286 
3 64 
1 346 
0 941 
3 259 
0 202 
3 29 
3 244 
0 124 
2 196 793 
1 101 
0 980 
1 245 
0 779 
2 195 370 
0 337 
3 75 
1 130 
1 283 
1 310 
3 231 
3 6 
3 135 
0 755 
0 554 
1 25 
0 945 
2 12 867 
1 237 
0 823 
2 55 687 
1 297 
3 65 
0 805 
3 128 
2 16 965 
3 195 
0 539 
2 158 626 
0 651 
0 19 
0 572 
3 185 
1 25 
3 139 
2 38 792 
0 638 
0 341 
3 344 
3 223 
3 64 
1 342 
3 129 
2 205 979 
3 271 
3 23 
1 40 
3 147 
0 495 
3 118 
3 281 
3 228 
0 802 
3 250 
1 21 
3 331 
1 165 
3 132 
1 2 
1 325 
3 299 
2 10 550 
0 116 
1 326 
1 294 
0 859 
3 261 
0 744 
3 122 
2 251 993 
0 771 
2 298 518 
2 303 588 
2 45 993 
3 232 
2 72 947 
3 357 
2 109 664 
2 251 296 
1 150 
3 200 
0 153 
1 169 
0 516 
3 275 
1 9 
2 232 705 
0 500 
1 343 
3 129 
0 576 
3 335 
1 154 
3 328 
1 155 
2 20 903 
0 79 
1 261 
3 45 
2 136 696 
2 10 897 
3 310 
2 291 647 
0 433 
3 147 
2 245 834 
0 298 
0 772 
3 58 
3 265 
2 132 206 
0 936 
0 936 
1 95 
1 252 
1 2 
2 189 344 
0 228 
3 323 
1 8 
3 324 
0 404 
1 338 
2 30 540 
1 192 
1 200 
1 216 
0 378 
1 264 
3 197 
2 38 236 
0 839 
3 338 
1 191 
0 598 
0 328 
3 53 
3 200 
2 78 229 
2 37 646 
3 53 
3 81 
3 208 
3 318 
1 246 
3 180 
3 283 
2 137 842 
1 269 
3 217 
3 337 
1 248 
3 284 
1 151 
3 251 
1 263 
3 269 
2 265 726 
2 85 639 
1 363 
1 187 
3 50 
3 168 
2 28 23 
0 560 
0 867 
2 44 245 
1 146 
1 161 
0 977 
1 129 
3 168 
2 182 497 
2 67 429 
2 365 38 
2 96 654 
3 188 
2 163 629 
2 298 973 
2 312 532 
1 270 
2 166 242 
3 55 
2 212 784 
3 289 
0 371 
0 572 
2 28 175 
0 344 
2 203 175 
2 283 21 
0 350 
3 118 
0 116 
3 67 
0 328 
1 275 
3 204 
2 225 679 
0 93 
0 779 
2 348 844 
1 193 
1 305 
0 810 
3 67 
0 387 
0 253 
3 253 
2 188 483 
2 242 406 
2 69 953 
2 244 361 
3 100 
2 66 848 
3 145 
0 241 
3 209 
3 298 
1 246 
2 71 921 
2 102 520 
3 142 
1 62 
0 270 
3 244 
2 112 394 
1 178 
0 594 
0 251 
2 347 46 
1 301 
2 202 360 
0 877 
2 346 903 
3 346 
1 369 
0 516 
0 148 
1 201 
0 123 
2 26 592 
3 212 
0 585 
3 39 
3 43 
0 783 
2 242 102 
3 199 
0 660 
0 490 
3 383 
2 91 468 
0 348 
3 168 
1 307 
1 365 
3 30 
1 336 
1 290 
0 956 
0 183 
3 199 
1 79 
2 229 765 
0 561 
1 208 
1 39 
1 149 
2 354 715 
0 266 
1 20 
0 695 
1 214 
0 971 
0 298 
0 912 
1 54 
0 126 
0 921 
1 320 
0 581 
1 340 
3 259 
0 214 
0 720 
1 394 
1 69 
3 304 
2 285 720 
0 421 
3 202 
2 276 410 
0 150 
0 912 
0 143 
0 495 
0 124 
3 127 
3 143 
1 291 
2 234 371 
0 54 
2 69 722 
2 148 996 
3 346 
1 311 
1 149 
2 383 678 
0 605 
3 234 
2 214 609 
1 72 
1 293 
0 807 
0 582 
1 258 
1 286 
0 804 
2 89 255 
2 73 959 
2 225 546 
3 291 
2 67 127 
0 148 
3 45 
3 138 
2 264 996 
0 170 
3 131 
2 291 727 
2 265 56 
1 402 
2 325 163 
0 432 
3 99 
3 10 
1 342 
2 182 419 
0 53 
0 753 
3 341 
3 49 
0 228 
1 153 
1 140 
3 200 
1 331 
3 375 
3 276 
1 261 
2 44 155 
0 276 
3 59 
1 23 
1 319 
0 769 
2 414 81 
3 375 
0 388 
3 386 
0 365 
1 147 
1 251 
2 217 403 
1 95 
1 265 
3 400 
2 261 922 
3 408 
1 81 
3 327 
0 61 
3 148 
1 138 
0 914 
3 363 
0 217 
1 246 
3 417 
1 357 
1 9 
1 145 
0 648 
3 158 
3 237 
2 355 743 
3 89 
2 368 926 
3 382 
1 231 
2 281 154 
0 595 
0 832 
0 432 
1 102 
3 43 
2 83 773 
3 354 
0 823 
3 48 
1 6 
1 333 
0 991 
2 243 924 
3 377 
1 254 
1 169 
3 175 
2 288 905 
0 352 
1 267 
1 1 
1 202 
1 196 
0 113 
2 186 605 
3 268 
1 55 
3 284 
3 388 
2 408 198 
3 41 
3 195 
1 256 
3 397 
1 29 
0 85 
3 160 
1 240 
2 287 396 
0 737 
0 305 
2 55 6 
0 839 
2 425 626 
0 985 
0 545 
2 411 796 
0 169 
0 220 
0 625 
2 41 791 
1 397 
0 320 
2 224 394 
2 127 906 
1 175 
1 58 
2 286 968 
3 69 
3 209 
1 4 
2 349 174 
0 476 
0 769 
2 325 911 
0 4 
0 259 
1 65 
0 503 
1 402 
0 354 
2 277 595 
3 81 
2 303 883 
3 218 
3 77 
3 369 
1 215 
1 369 
3 205 
3 426 
1 339 
0 441 
1 184 
1 213 
3 51 
2 198 863 
1 217 
0 333 
3 396 
1 171 
0 368 
1 409 
1 151 
0 294 
2 425 647 
1 158 
1 281 
3 236 
2 85 372 
3 346 
3 102 
3 408 
3 8 
2 210 472 
2 219 478 
2 21 881 
0 364 
0 934 
3 376 
0 334 
1 226 
1 444 
0 665 
1 73 
1 200 
0 915 
3 429 
2 188 162 
1 313 
0 979 
2 92 325 
3 252 
2 404 404 
1 291 
1 381 
0 610 
3 449 
3 118 
3 65 
0 501 
3 392 
3 225 
3 144 
2 231 521 
1 160 
3 303 
0 728 
1 206 
2 200 937 
1 255 
1 439 
1 261 
3 171 
1 304 
2 126 346 
2 88 60 
1 64 
3 439 
1 420 
1 323 
3 115 
1 333 
1 406 
2 263 959 
2 377 775 
1 287 
1 275 
1 240 
3 454 
2 420 522 
0 57 
0 792 
1 25 
1 136 
3 159 
0 559 
1 420 
2 65 124 
3 284 
3 92 
1 334 
1 103 
2 142 42 
0 592 
2 157 77 
3 47 
3 357 
1 407 
0 235 
3 447 
1 130 
2 229 764 
3 283 
3 395 
1 267 
1 443 
3 343 
3 327 
0 189 
0 531 
3 354 
3 330 
0 94 
3 174 
3 214 
3 151 
2 428 940 
2 445 344 
2 35 722 
0 721 
0 970 
1 62 
1 30 
3 124 
3 86 
0 221 
2 313 585 
1 185 
3 384 
3 166 
3 244 
3 306 
1 41 
2 21 102 
0 879 
2 95 667 
3 400 
2 254 109 
3 286 
0 178 
1 418 
1 274 
0 354 
0 163 
0 218 
2 293 54 
2 285 409 
2 107 813 
3 218 
1 130 
0 537 
2 392 759 
3 322 
1 265 
2 138 44 
1 417 
0 728 
3 260 
2 448 927 
2 123 987 
3 307 
3 114 
1 12 
3 211 
0 863 
2 256 230 
2 199 516 
3 199 
1 413 
3 410 
3 27 
0 245 
1 157 
0 145 
0 21 
3 213 
2 159 652 
1 366 
0 684 
0 167 
3 123 
3 233 
0 18 
0 39 
2 245 234 
2 124 546 
3 207 
1 153 
1 91 
2 404 697 
1 88 
3 40 
0 960 
1 90 
1 89 
3 51 
2 273 311 
0 969 
1 34 
1 299 
2 392 27 
2 288 424 
1 65 
3 435 
1 61 
2 207 374 
1 190 
1 306 
0 441 
1 206 
0 844 
2 9 267 
3 440 
1 132 
1 83 
2 325 876 
3 55 
0 810 
3 359 
2 316 318 
0 719 
2 212 886 
2 259 940 
1 475 
3 223 
3 216 
2 261 656 
1 69 
1 99 
3 168 
2 452 763 
0 640 
0 267 
0 924 
1 297 
3 143 
3 404 
3 333 
2 9 622 
2 60 693 
0 922 
2 82 64 
0 101 
2 170 574 
1 438 
1 61 
3 435 
0 590 
2 3 720 
0 867 
0 683 
2 126 27 
3 92 
2 278 825 
0 987 
1 43 
1 35 
1 316 
0 474 
1 142 
2 300 941 
3 307 
3 342 
2 474 608 
0 104 
0 285 
1 104 
3 328 
1 212 
3 137 
2 488 13 
2 136 162 
2 431 698 
3 66 
1 2 
3 124 
2 32 1000 
2 188 76 
2 111 865 
1 402 
0 215 
3 415 
2 92 954 
2 342 126 
3 63 
2 431 67 
1 112 
1 259 
2 361 761 
0 5 
1 355 
2 172 884 
0 822 
0 581 
0 868 
1 386 
1 221 
0 304 
2 382 477 
0 887 
1 96 
0 722 
0 652 
2 298 967 
0 117 
3 189 
0 651 
3 485 
0 385 
2 292 185 
3 250 
1 25 
1 121 
3 163 
1 295 
0 552 
0 533 
0 5 
2 99 325 
2 240 106 
1 403 
2 308 970 
1 17 
2 340 565 
2 189 532 
3 133 
2 51 154 
0 59 
3 42 
2 458 627 
1 322 
1 505 
1 514 
1 89 
3 47 
3 159 
0 947 
3 400 
0 560 
1 132 
0 779 
3 97 
0 564 
3 147 
0 71 
0 343 
3 267 
3 188 
2 71 532 
0 119 
1 186 
1 292 
3 147 
0 998 
2 336 166 
1 287 
3 80 
1 226 
2 11 58 
0 359 
1 358 
2 493 61 
2 104 753 
3 269 
3 47 
2 218 462 
2 1 422 
3 228 
3 509 
3 166 
2 467 3 
1 81 
0 285 
3 411 
0 910 
0 912 
1 135 
3 63 
3 462 
1 309 
2 180 960 
3 148 
3 53 
2 91 813 
0 980 
3 74 
2 261 802 
2 247 427 
3 32 
1 103 
0 564 
1 97 
2 118 286 
2 470 678 
2 241 536 
3 84 
2 170 631 
2 281 585 
3 338 
1 31 
1 501 
1 30 
2 401 280 
2 114 219 
3 66 
2 393 848 
1 171 
2 137 72 
1 19 
0 68 
2 392 729 
3 240 
3 197 
2 330 738 
2 397 835 
2 144 625 
2 210 204 
0 406 
1 375 
3 483 
0 109 
2 505 30 
0 30 
0 685 
2 476 761 
3 536 
2 308 82 
0 320 
2 135 384 
2 537 872 
2 159 380 
3 195 
0 250 
1 395 
0 378 
0 610 
0 658 
3 280 
3 52 
3 407 
1 379 
2 450 140 
3 386 
3 225 
3 490 
2 57 738 
1 61 
0 559 
1 467 
2 96 282 
0 129 
1 36 
0 87 
2 79 263 
3 174 
1 434 
3 497 
3 469 
3 438 
0 320 
0 457 
0 786 
1 422 
0 656 
0 520 
0 163 
2 456 371 
2 480 351 
3 417 
0 583 
3 465 
2 232 759 
0 548 
3 516 
1 239 
0 337 
1 366 
3 112 
3 220 
1 473 
1 250 
2 252 544 
2 332 240 
3 227 
1 473 
2 464 861 
2 255 396 
2 539 620 
2 290 277 
0 473 
0 945 
0 221 
0 903 
3 4 
0 105 
3 184 
3 241 
2 151 325 
3 351 
2 371 197 
3 8 
0 530 
3 7 
3 208 
1 257 
1 405 
1 70 
3 484 
2 18 596 
3 29 
3 546 
2 259 150 
0 654 
1 373 
3 263 
3 211 
0 311 
0 885 
3 253 
0 770 
3 128 
1 496 
0 583 
1 258 
0 452 
2 519 619 
2 393 702 
1 469 
0 227 
0 202 
0 921 
3 410 
1 194 
3 287 
2 279 610 
3 431 
2 437 525 
2 68 523 
2 496 586 
0 913 
1 34 
1 301 
0 774 
2 29 677 
0 398 
3 471 
3 310 
1 351 
2 89 350 
2 273 453 
3 298 
1 480 
1 28 
3 483 
0 587 
2 109 826 
2 429 475 
2 67 924 
1 280 
2 268 621 
3 536 
2 382 274 
2 11 156 
1 189 
0 61 
0 603 
1 408 
1 159 
2 50 828 
0 252 
3 321 
0 995 
0 89 
2 231 675 
1 442 
2 249 480 
1 190 
0 532 
3 471 
0 620 
3 32 
3 122 
3 338 
3 346 
0 286 
2 253 684 
3 316 
0 660 
2 62 565 
0 751 
1 549 
2 77 121 
0 583 
0 861 
3 422 
1 17 
2 76 846 
1 482 
0 295 
1 356 
0 606 
0 617 
3 101 
1 425 
3 420 
2 159 210 
1 7 
0 599 
3 70 
0 870 
3 583 
2 282 98 
2 23 619 
3 577 
0 324 
0 415 
1 498 
3 258 
0 702 
1 406 
3 499 
2 478 364 
1 34 
3 465 
1 228 
2 110 90 
3 308 
2 263 553 
2 495 139 
0 182 
3 139 
0 624 
2 95 166 
0 788 
1 513 
3 20 
3 318 
0 555 
0 201 
3 540 
3 271 
1 66 
3 291 
0 876 
3 322 
1 190 
0 901 
3 207 
1 400 
0 359 
3 315 
3 143 
1 534 
0 850 
2 450 615 
1 472 
1 67 
3 234 
1 564 
3 161 
2 37 404 
2 184 594 
3 491 
3 547 
3 246 
2 193 464 
2 436 231 
3 388 
2 429 478 
2 333 18 
2 198 970 
2 289 629 
3 519 
1 417 
0 41 
0 504 
1 414 
3 383 
1 344 
0 874 
1 231 
2 35 271 
3 236 
1 483 
0 940 
1 36 
3 263 
3 196 
0 51 
0 461 
2 523 382 
2 582 703 
3 560 
0 287 
2 404 678 
2 257 266 
3 105 
0 883 
0 792 
2 527 638 
1 84 
0 300 
0 322 
2 7 81 
2 87 819 
1 484 
0 619 
0 298 
1 189 
3 295 
1 433 
2 230 184 
3 450 
3 249 
0 975 
2 189 707 
1 543 
1 30 
1 104 
1 199 
1 555 
3 570 
3 8 
1 309 
3 191 
2 402 486 
0 815 
3 99 
1 497 
1 292 
2 224 354 
2 264 124 
0 392 
1 257 
0 851 
0 756 
1 233 
0 226 
2 196 573 
2 248 962 
3 173 
3 583 
2 205 543 
2 371 813 
3 58 
3 603 
0 869 
0 894 
2 146 748 
3 167 
2 503 572 
3 258 
2 558 936 
2 489 745 
2 332 414 
1 18 
0 800 
0 700 
2 427 247 
1 243 
0 694 
2 543 615 
1 387 
2 378 67 
2 403 422 
0 898 
3 7 
1 514 
0 576 
2 368 199 
1 406 
2 352 32 
1 143 
0 644 
0 987 
0 784 
3 495 
1 305 
2 279 74 
3 626 
3 171 
3 276 
3 145 
0 141 
1 515 
2 59 777 
1 133 
3 258 
1 205 
3 384 
0 710 
2 363 504 
3 178 
3 280 
2 577 770 
1 4 
3 347 
3 436 
3 490 
2 19 315 
1 211 
3 27 
3 395 
0 49 
1 220 
3 521 
3 493 
3 530 
1 105 
1 537 
2 39 104 
1 608 
2 401 461 
0 762 
0 344 
0 962 
3 425 
1 272 
0 849 
2 591 671 
0 28 
2 541 404 
3 106 
0 884 
2 383 937 
1 600 
1 249 
1 316 
0 461 
2 103 752 
0 710 
3 219 
3 554 
0 488 
3 452 
2 475 176 
1 493 
1 532 
3 520 
3 449 
3 131 
3 244 
0 633 
2 573 155 
2 536 822 
1 341 
2 237 780 
2 346 34 
0 87 
3 421 
2 580 981 
1 161 
1 290 
1 556 
1 630 
0 47 
2 14 223 
0 597 
3 259 
0 438 
2 126 330 
3 204 
1 523 
3 406 
1 11 
0 723 
3 492 
1 367 
1 560 
1 416 
0 112 
1 367 
1 517 
3 120 
2 502 494 
3 401 
3 551 
3 302 
3 554 
0 62 
2 535 990 
2 373 615 
3 296 
0 375 
2 440 476 
3 269 
3 546 
0 727 
2 158 238 
3 421 
2 84 618 
3 483 
2 486 207 
2 591 851 
0 738 
3 563 
1 16 
3 123 
0 177 
0 112 
3 194 
0 537 
0 144 
0 46 
1 505 
1 451 
2 348 965 
0 170 
2 262 446 
3 127 
3 136 
0 604 
3 533 
3 601 
2 10 714 
3 145 
2 545 265 
0 376 
0 389 
2 182 648 
3 569 
2 206 789 
3 330 
2 619 223 
0 8 
0 651 
1 497 
0 371 
1 118 
2 529 750 
0 570 
3 191 
3 214 
2 170 662 
3 540 
2 264 807 
1 279 
3 543 
1 392 
0 165 
3 342 
3 301 
2 97 67 
1 194 
1 388 
0 107 
0 700 
1 440 
2 81 791 
1 276 
1 267 
0 677 
3 443 
2 182 672 
2 605 365 
0 900 
3 134 
1 639 
2 500 682 
2 637 448 
2 5 351 
2 524 216 
3 164 
3 315 
1 289 
2 568 636 
2 72 707 
3 401 
1 468 
0 654 
0 206 
3 30 
2 46 825 
2 209 176 
3 333 
1 266 
3 347 
2 510 342 
0 235 
3 73 
0 429 
2 525 542 
1 74 
3 161 
1 92 
1 298 
3 330 
1 469 
0 327 
3 385 
3 650 
1 450 
3 281 
2 117 98 
1 642 
2 430 538 
1 531 
1 649 
0 965 
1 210 
0 121 
0 397 
3 550 
3 339 
0 240 
2 330 688 
1 81 
3 559 
3 267 
0 509 
0 387 
0 103 
0 308 
2 380 763 
0 964 
3 494 
2 374 447 
1 142 
2 124 422 
1 345 
1 378 
2 85 814 
0 94 
2 54 3 
0 776 
3 441 
0 319 
0 950 
2 515 71 
3 305 
2 437 774 
1 449 
0 997 
2 415 863 
1 236 
0 509 
2 639 488 
2 539 195 
2 114 258 
1 165 
1 173 
0 537 
1 288 
1 124 
2 577 842 
1 257 
3 545 
3 204 
1 453 
2 503 737 
3 446 
1 223 
1 83 
0 212 
0 986 
3 363 
1 490 
3 506 
3 499 
1 406 
1 626 
2 373 99 
2 288 945 
3 73 
1 322 
3 532 
2 624 741 
0 606 
3 34 
0 668 
0 755 
2 313 86 
1 345 
3 378 
2 294 392 
0 112 
3 242 
0 957 
1 656 
3 474 
3 487 
3 287 
0 284 
1 475 
1 430 
3 51 
1 550 
0 493 
0 899 
1 259 
3 258 
0 495 
2 329 788 
3 399 
0 847 
0 718 
2 252 507 
0 684 
0 144 
0 948 
1 196 
1 494 
1 56 
1 124 
0 368 
2 538 833 
3 673 
0 392 
0 221 
0 581 
0 621 
0 784 
0 272 
3 297 
0 726 
2 591 445 
2 318 942 
1 514 
1 576 
2 524 875 
2 100 874 
1 446 
3 491 
1 34 
3 629 
2 86 142 
2 652 453 
1 436 
1 631 
1 192 
3 46 
3 561 
0 419 
2 345 38 
2 557 147 
2 679 381 
0 358 
2 408 993 
3 621 
1 276 
2 44 149 
1 632 
0 506 
2 569 62 
2 80 719 
0 529 
3 109 
2 78 449 
3 72 
3 434 
2 282 396 
1 496 
3 322 
1 464 
3 674 
1 204 
2 360 984 
3 587 
3 553 
3 395 
1 634 
3 421 
2 490 616 
1 325 
1 123 
3 542 
3 316 
0 618 
1 575 
0 422 
1 287 
1 541 
1 31 
2 321 284 
1 463 
3 290 
1 337 
1 549 
0 243 
3 333 
2 579 33 
3 273 
1 569 
0 537 
1 353 
2 336 238 
0 67 
3 243 
1 210 
1 56 
0 408 
0 484 
2 369 360 
2 585 1000 
2 66 407 
3 637 
3 471 
3 544 
3 399 
3 303 
1 592 
2 137 855 
3 658 
0 762 
3 604 
1 468 
1 352 
0 731 
2 653 607 
1 401 
0 766 
2 221 288 
3 702 
1 25 
3 336 
1 27 
3 211 
0 475 
1 23 
2 397 718 
3 245 
3 681 
3 372 
0 356 
0 500 
2 459 967 
1 315 
2 447 425 
3 109 
3 413 
0 676 
2 365 30 
0 579 
0 648 
0 976 
2 312 579 
3 607 
0 637 
3 334 
2 397 686 
1 661 
0 460 
1 35 
3 680 
2 335 467 
3 278 
2 76 783 
3 102 
3 408 
1 378 
3 700 
3 665 
1 521 
3 577 
1 673 
2 56 300 
0 410 
1 353 
1 278 
0 863 
1 634 
2 490 450 
1 58 
2 661 508 
3 211 
0 858 
2 137 372 
1 679 
2 596 483 
0 38 
1 97 
3 537 
2 557 511 
3 38 
2 64 675 
3 318 
1 669 
3 92 
2 275 223 
1 171 
1 10 
0 704 
0 402 
0 889 
0 145 
0 588 
1 154 
2 481 48 
1 655 
1 702 
2 333 370 
3 238 
1 91 
2 35 927 
3 16 
0 600 
2 673 456 
1 70 
1 423 
0 92 
0 183 
0 995 
2 174 520 
0 120 
3 712 
0 667 
1 256 
2 442 806 
2 261 37 
0 910 
0 278 
3 543 
1 235 
2 84 932 
3 652 
3 563 
3 114 
1 479 
0 295 
0 398 
1 406 
1 478 
3 629 
0 180 
1 651 
2 550 45 
1 68 
3 402 
0 753 
1 566 
2 369 587 
3 151 
2 134 712 
1 189 
0 96 
1 151 
0 771 
0 233 
0 131 
2 130 20 
2 662 830 
3 200 
3 444 
0 974 
3 385 
0 377 
2 483 235 
3 93 
1 24 
2 78 46 
3 282 
0 555 
1 528 
2 62 309 
2 241 365 
0 368 
3 427 
0 905 
1 579 
1 504 
2 371 416 
3 721 
2 443 790 
2 114 230 
1 673 
1 262 
2 601 106 
1 550 
1 159 
1 212 
0 485 
0 61 
0 253 
1 689 
3 497 
1 171 
3 663 
3 419 
0 698 
0 416 
0 150 
3 107 
1 380 
1 738 
2 266 389 
2 494 703 
2 356 333 
0 214 
0 639 
0 635 
1 369 
1 729 
0 800 
0 830 
0 394 
3 39 
3 152 
2 146 922 
0 273 
1 294 
0 601 
0 519 
1 649 
2 596 230 
1 196 
3 603 
2 147 27 
3 405 
1 49 
2 478 768 
1 55 
1 438 
2 627 984 
2 71 770 
3 569 
3 13 
2 39 830 
1 727 
2 510 204 
3 95 
2 671 850 
2 447 656 
0 37 
0 456 
1 592 
0 913 
2 488 372 
2 333 218 
3 640 
0 873 
3 113 
0 991 
2 48 724 
0 319 
2 75 577 
3 366 
0 749 
1 603 
3 212 
1 506 
0 294 
2 250 185 
2 302 564 
2 434 955 
3 444 
3 525 
1 18 
1 374 
1 526 
1 609 
0 507 
2 744 929 
0 768 
2 282 936 
2 469 429 
2 258 492 
2 42 228 
3 80 
0 100 
0 79 
0 687 
1 9 
3 489 
2 147 1000 
1 437 
3 503 
1 519 
0 323 
1 645 
1 455 
1 517 
3 752 
2 471 447 
0 995 
1 490 
0 312 
0 506 
2 47 503 
2 436 929 
3 492 
3 67 
3 735 
1 774 
1 185 
0 360 
3 602 
3 369 
0 196 
0 323 
2 77 765 
1 764 
2 515 672 
2 66 45 
0 910 
1 369 
2 662 71 
2 101 497 
3 628 
1 540 
3 326 
1 248 
2 699 988 
3 434 
2 132 115 
0 762 
2 577 526 
3 769 
3 177 
2 44 331 
2 767 797 
1 600 
1 96 
2 662 636 
3 707 
1 545 
1 173 
0 243 
0 279 
1 347 
2 505 823 
0 774 
1 16 
0 577 
2 355 187 
3 491 
0 397 
1 764 
3 620 
2 596 110 
0 380 
0 362 
2 538 243 
2 187 762 
0 956 
1 331 
2 456 236 
0 949 
2 784 551 
1 506 
1 689 
3 147 
3 222 
1 505 
2 739 455 
3 566 
2 676 415 
2 733 33 
3 620 
3 235 
3 95 
1 276 
1 521 
3 284 
2 623 104 
0 191 
3 567 
0 81 
2 260 719 
2 348 344 
1 468 
1 458 
1 250 
1 329 
1 13 
3 331 
3 796 
3 162 
3 715 
3 494 
1 123 
2 163 793 
0 753 
3 61 
0 377 
1 692 
2 286 247 
1 546 
0 877 
3 331 
1 341 
2 316 154 
3 491 
3 717 
0 713 
2 98 630 
0 845 
1 452 
0 594 
3 597 
3 716 
2 794 529 
0 398 
0 487 
2 504 603 
1 558 
2 599 267 
1 645 
1 248 
0 429 
2 548 142 
3 447 
3 160 
0 782 
3 173 
0 485 
2 754 80 
2 29 417 
1 575 
2 440 831 
1 591 
2 514 311 
1 288 
3 324 
0 695 
0 637 
0 485 
2 337 962 
2 651 879 
3 121 
1 515 
3 563 
0 552 
3 229 
1 174 
0 129 
3 667 
2 582 421 
3 807 
3 236 
1 426 
0 146 
2 322 856 
1 726 
0 347 
2 739 267 
0 24 
3 665 
1 172 
1 684 
1 412 
1 339 
1 414 
2 765 612 
0 385 
1 532 
1 198 
3 760 
0 816 
1 171 
0 510 
1 212 
1 110 
0 987 
0 865 
3 267 
0 715 
0 33 
2 243 104 
3 815 
1 183 
3 168 
3 259 
0 810 
3 566 
2 577 815 
2 369 619 
3 94 
1 588 
0 638 
0 919 
3 617 
1 233 
3 532 
2 776 619 
1 448 
2 99 485 
3 334 
2 39 16 
3 172 
3 185 
0 231 
3 683 
1 73 
3 407 
3 169 
1 752 
3 226 
2 635 408 
1 159 
2 147 168 
2 435 366 
0 649 
0 730 
1 305 
3 542 
1 198 
1 298 
0 807 
3 596 
1 573 
0 156 
2 57 527 
0 408 
1 290 
0 77 
3 782 
3 256 
1 517 
2 400 656 
1 688 
1 586 
0 61 
1 683 
0 843 
1 524 
3 525 
1 216 
1 544 
0 502 
0 242 
1 162 
3 108 
0 613 
2 3 205 
3 343 
1 332 
2 299 246 
3 571 
3 430 
0 489 
1 441 
0 163 
2 130 323 
1 103 
1 622 
1 297 
2 275 296 
2 715 888 
0 719 
1 0 
3 719 
2 181 348 
0 813 
1 13 
3 410 
3 46 
3 811 
2 540 984 
1 188 
2 628 754 
3 542 
3 770 
1 759 
0 903 
0 707 
0 908 
1 79 
0 150 
0 696 
2 256 915 
2 26 384 
1 216 
2 416 445 
3 143 
2 623 690 
0 477 
1 217 
3 36 
3 309 
3 219 
1 99 
2 525 332 
1 77 
1 674 
1 220 
1 123 
1 35 
3 226 
2 265 897 
0 416 
1 447 
2 421 278 
2 703 653 
2 789 38 
1 787 
2 647 123 
0 281 
0 709 
0 381 
1 746 
2 124 64 
1 520 
1 762 
1 824 
0 55 
3 134 
3 518 
1 283 
0 305 
0 886 
1 689 
0 936 
1 170 
1 753 
3 628 
2 819 269 
3 293 
1 671 
3 278 
3 822 
2 265 32 
3 447 
3 455 
3 631 
3 233 
2 477 94 
3 337 
3 122 
0 681 
1 777 
2 569 685 
1 528 
1 658 
2 639 426 
1 569 
0 657 
1 724 
0 96 
0 761 
0 544 
3 387 
2 561 36 
2 679 256 
0 161 
0 89 
1 214 
2 492 267 
2 580 193 
3 285 
1 702 
2 235 702 
1 139 
2 509 427 
1 363 
1 559 
3 605 
0 284 
1 42 
0 677 
2 377 913 
0 271 
3 537 
3 471 
3 679 
2 373 165 
0 110 
3 166 
0 209 
3 609 
0 605 
2 622 221 
1 847 
1 638 
1 595 
2 37 967 
3 846 
2 564 383 
0 631 
3 819 
2 133 878 
2 768 619 
3 671 
2 480 266 
3 246 
0 822 
2 477 244 
2 827 144 
1 608 
0 355 
0 824 
1 770 
0 915 
2 36 938 
3 604 
2 466 744 
2 436 479 
2 242 483 
3 475 
1 221 
2 443 392 
2 75 935 
3 716 
1 690 
0 209 
3 298 
0 25 
0 935 
2 223 832 
3 138 
0 858 
0 185 
0 446 
1 792 
3 238 
3 262 
1 537 
0 698 
2 830 485 
2 448 955 
3 121 
3 33 
2 1 149 
2 471 847 
1 219 
2 180 81 
3 858 
1 671 
0 645 
3 766 
3 805 
0 671 
2 200 502 
3 442 
0 174 
2 337 193 
0 721 
3 396 
1 790 
1 536 
0 867 
1 71 
1 545 
2 529 161 
3 463 
0 871 
1 691 
0 215 
2 503 611 
0 154 
1 120 
2 349 491 
1 708 
3 23 
0 539 
0 987 
3 668 
3 773 
1 398 
3 59 
3 681 
0 563 
3 627 
2 666 275 
1 308 
3 753 
3 455 
3 616 
1 193 
2 326 676 
0 139 
0 496 
0 165 
0 256 
3 563 
2 541 618 
2 528 130 
3 621 
0 25 
2 534 148 
0 217 
1 104 
0 22 
1 519 
2 18 289 
0 847 
3 580 
1 180 
3 125 
0 397 
1 694 
3 621 
2 858 940 
0 315 
2 440 301 
2 253 615 
1 720 
0 384 
1 81 
1 296 
3 854 
2 138 48 
2 554 800 
3 252 
3 104 
1 610 
2 357 665 
1 627 
3 617 
3 552 
3 319 
0 59 
1 19 
0 768 
0 969 
1 590 
1 504 
3 775 
0 403 
0 540 
0 653 
0 960 
0 369 
2 96 269 
3 82 
2 491 441 
3 133 
2 315 987 
1 96 
0 930 
0 923 
3 529 
2 641 725 
3 224 
0 158 
3 576 
3 596 
0 828 
0 227 
0 533 
1 711 
3 601 
2 849 821 
3 16 
1 269 
1 511 
3 295 
3 24 
3 645 
2 360 797 
0 931 
1 108 
3 273 
0 560 
0 446 
2 124 609 
0 201 
2 876 321 
2 885 225 
2 480 759 
1 223 
2 864 304 
3 775 
3 845 
1 560 
3 307 
1 509 
0 956 
0 426 
1 84 
2 99 391 
2 380 131 
1 405 
2 483 45 
1 576 
3 860 
2 515 998 
3 350 
1 803 
1 166 
3 494 
2 399 137 
0 865 
1 267 
1 518 
1 535 
0 842 
1 894 
2 303 32 
2 876 152 
2 208 473 
1 813 
0 703 
3 871 
0 216 
1 813 
0 442 
2 44 355 
1 150 
1 612 
3 328 
0 344 
3 339 
1 339 
0 557 
1 859 
3 849 
3 25 
0 996 
1 516 
0 503 
0 153 
3 761 
0 729 
3 302 
1 892 
2 475 774 
0 295 
3 496 
0 780 
2 541 137 
0 683 
3 902 
0 696 
0 293 
0 161 
3 754 
1 421 
2 218 109 
3 375 
2 152 52 
3 4 
0 232 
2 19 581 
3 28 
1 277 
3 154 
3 277 
0 916 
3 508 
1 729 
2 706 119 
3 816 
0 242 
2 750 201 
1 630 
3 202 
1 246 
1 572 
1 560 
3 757 
1 485 
1 882 
0 297 
2 153 914 
3 68 
0 77 
0 862 
3 480 
2 105 226 
3 299 
3 462 
3 148 
3 553 
3 603 
3 743 
2 811 507 
1 182 
2 651 73 
1 161 
1 763 
3 362 
0 368 
0 234 
2 328 866 
0 125 
3 391 
1 132 
1 387 
3 252 
1 3 
3 885 
0 721 
0 120 
1 578 
3 120 
3 506 
2 517 337 
0 505 
3 844 
1 57 
0 771 
3 762 
2 336 981 
1 152 
1 754 
3 34 
1 218 
0 408 
2 117 336 
2 449 221 
2 332 639 
3 2 
0 715 
3 455 
3 244 
3 285 
0 403 
1 415 
2 523 902 
0 189 
3 698 
2 497 492 
0 362 
2 377 312 
2 159 331 
1 699 
3 591 
3 904 
3 319 
2 499 31 
0 215 
0 391 
1 357 
3 673 
1 842 
2 212 685 
0 720 
2 496 741 
0 990 
3 133 
2 242 206 
3 547 
0 765 
0 604 
0 323 
3 257 
1 783 
1 619 
0 842 
2 170 225 
3 797 
2 477 605 
2 750 643 
0 83 
1 765 
1 250 
2 531 262 
3 897 
2 715 143 
0 810 
0 448 
2 654 777 
3 214 
0 932 
1 114 
1 734 
1 679 
2 489 308 
3 23 
0 439 
3 191 
2 190 122 
1 200 
1 926 
1 834 
1 156 
2 569 478 
0 286 
2 313 965 
3 480 
0 154 
2 763 152 
2 465 75 
3 656 
1 330 
2 777 762 
0 866 
3 535 
1 216 
1 369 
0 637 
1 381 
1 314 
3 617 
3 695 
2 702 197 
0 229 
3 364 
2 470 802 
0 842 
1 704 
3 882 
1 77 
1 307 
2 881 667 
3 733 
1 456 
0 263 
0 13 
1 844 
2 302 336 
2 574 288 
1 376 
1 252 
2 474 624 
0 111 
1 370 
2 659 560 
2 109 929 
3 314 
1 258 
0 933 
3 799 
1 257 
3 163 
2 30 463 
3 127 
3 129 
1 840 
0 727 
3 50 
3 237 
1 395 
1 797 
3 840 
3 300 
2 113 107 
3 776 
2 330 352 
2 120 567 
3 784 
0 632 
0 230 
1 303 
1 477 
3 284 
0 378 
1 859 
3 698 
3 268 
0 771 
3 31 
0 775 
2 718 653 
2 51 293 
0 535 
2 481 218 
0 915 
0 465 
1 683 
2 686 351 
3 440 
0 95 
0 133 
3 461 
2 120 108 
2 4 65 
2 550 600 
0 658 
3 296 
3 757 
0 943 
0 722 
2 382 942 
2 605 602 
0 702 
2 306 196 
3 397 
3 823 
1 604 
2 470 283 
0 986 
1 122 
1 685 
0 19 
3 720 
2 368 340 
0 173 
3 596 
1 664 
3 934 
0 374 
3 331 
3 278 
1 112 
0 416 
3 932 
3 312 
2 204 552 
2 597 379 
3 398 
0 580 
1 891 
2 791 553 
0 338 
3 404 
3 940 
2 60 175 
0 592 
3 563 
3 398 
0 880 
1 611 
3 636 
2 561 267 
0 509 
0 820 
1 923 
2 2 361 
2 72 771 
0 963 
3 658 
0 29 
0 751 
3 73 
3 298 
2 489 940 
2 460 30 
1 684 
1 234 
0 648 
0 208 
2 362 232 
3 422 
2 764 588 
2 946 721 
2 546 835 
2 949 665 
1 729 
1 120 
0 890 
1 802 
3 645 
3 335 
2 761 33 
1 566 
0 435 
1 701 
3 207 
2 332 821 
0 920 
3 547 
0 404 
0 514 
2 239 529 
3 304 
2 908 978 
3 178 
0 222 
2 880 612 
2 362 983 
1 621 
1 802 
1 816 
2 742 144 
2 970 929 
2 440 317 
1 930 
3 892 
3 371 
3 467 
0 501 
1 858 
2 519 636 
2 92 370 
2 93 523 
0 29 
3 768 
1 767 
3 464 
0 55 
2 673 772 
1 177 
1 105 
3 461 
0 404 
1 523 
2 746 778 
3 270 
0 299 
3 932 
3 702 
1 384 
2 586 145 
1 934 
1 168 
3 587 
1 502 
3 686 
0 371 
3 343 
0 842 
0 436 
1 504 
3 93 
0 393 
2 787 987 
2 769 287 
3 467 
1 962 
2 927 876 
0 902 
3 400 
0 719 
0 172 
0 610 
2 948 885 
3 809 
1 59 
0 763 
3 640 
2 914 773 
2 683 489 
3 767 
3 895 
3 553 
0 390 
1 789 
0 523 
2 77 2 
3 377 
3 199 
2 118 616 
1 752 
1 762 
3 738 
2 862 455 
2 787 193 
1 843 
1 793 
1 146 
0 77 
1 679 
1 625 
1 218 
3 895 
2 385 803 
0 295 
1 679 
2 73 183 
1 341 
3 189 
2 652 460 
3 358 
0 828 
2 205 975 
1 120 
3 734 
3 352 
2 929 382 
2 564 926 
3 971 
2 40 153 
1 818 
2 233 930 
3 773 
1 575 
0 994 
3 134 
1 379 
3 295 
0 105 
1 883 
2 824 851 
2 257 502 
3 977 
2 75 782 
2 796 502 
1 859 
3 411 
0 512 
3 978 
0 451 
2 986 563 
3 102 
2 385 104 
2 238 56 
1 564 
3 836 
1 858 
2 237 846 
3 41 
3 959 
2 414 763 
3 466 
1 182 
2 735 172 
2 710 553 
2 193 681 
1 492 
3 140 
1 533 
0 293 
1 51 
1 290 
1 330 
2 12 577 
0 705 
3 816 
2 175 415 
1 586 
3 867 
1 90 
3 859 
2 618 794 
2 415 310 
3 474 
2 340 59 
1 475 
3 331 
1 874 
3 945 
2 731 61 
1 734 
3 560 
2 611 777 
1 730 
2 727 288 
0 885 
2 377 190 
2 88 394 
0 869 
0 414 
2 336 256 
3 703 
0 606 
3 928 
2 869 129 
3 465 
1 560 
1 318 
2 835 451 
3 434 
3 927 
1 403 
1 609 
3 978 
0 74 
2 555 103 
3 524 
3 289 
1 19 
3 31 
2 336 64 
0 934 
1 775 
2 712 374 
2 971 635 
3 59 
3 627 
1 804 
3 392 
2 359 966 
2 164 531 
2 993 387 
3 833 
0 496 
2 383 534 
0 391 
3 136 
0 271 
2 1002 21 
3 86 
0 231 
3 93 
3 77 
2 784 801 
2 683 529 
3 536 
1 475 
2 902 275 
2 465 533 
3 58 
2 763 857 
2 706 755 
3 413 
2 195 450 
0 339 
2 197 606 
0 372 
0 622 
0 394 
2 579 348 
1 6 
2 900 223 
3 923 
1 10 
0 243 
0 503 
1 26 
0 275 
0 78 
1 648 
3 896 
1 356 
3 898 
1 933 
1 2 
2 717 166 
1 718 
2 214 959 
1 551 
0 927 
0 548 
2 198 517 
2 482 811 
2 490 17 
3 800 
0 467 
2 944 976 
2 353 475 
2 262 107 
1 748 
3 101 
3 328 
1 996 
2 610 872 
1 38 
2 424 378 
1 969 
1 592 
2 993 393 
1 592 
0 688 
2 894 944 
3 176 
2 414 262 
3 432 
3 834 
2 68 646 
1 799 
1 601 
1 2 
1 766 
3 577 
1 33 
2 251 362 
1 717 
2 462 274 
2 990 316 
2 920 439 
0 680 
0 467 
0 56 
3 981 
0 730 
2 210 442 
3 219 
0 275 
3 120 
3 776 
1 100 
0 252 
3 497 
3 314 
3 995 
0 456 
2 530 586 
0 509 
3 115 
3 206 
3 59 
3 989 
0 204 
2 47 131 
2 774 156 
1 210 
3 190 
1 116 
0 277 
0 12 
0 574 
2 69 139 
3 30 
3 48 
1 677 
1 985 
3 415 
2 225 461 
3 332 
3 161 
0 754 
0 566 
1 637 
2 953 921 
2 503 587 
0 818 
2 452 531 
0 175 
3 107 
3 948 
2 81 188 
3 14 
3 714 
2 623 265 
2 625 472 
3 889 
0 952 
3 1034 
2 1019 301 
0 739 
3 860 
0 763 
0 997 
3 513 
3 671 
2 489 906 
0 972 
1 640 
3 458 
2 89 70 
2 300 634 
2 584 723 
2 660 914 
2 34 604 
2 291 956 
1 686 
1 208 
2 1000 663 
3 701 
0 594 
3 103 
3 340 
0 113 
2 106 576 
1 533 
1 148 
0 643 
2 31 210 
3 716 
3 125 
0 713 
2 932 23 
1 654 
1 318 
3 698 
2 633 694 
2 490 980 
2 149 38 
3 472 
3 199 
3 610 
0 111 
0 513 
0 717 
2 176 401 
2 674 665 
1 817 
3 439 
2 999 643 
0 190 
2 136 868 
3 600 
2 472 718 
2 239 165 
3 116 
2 250 789 
3 377 
3 789 
3 539 
1 671 
0 42 
0 330 
0 684 
0 922 
2 857 491 
3 685 
3 791 
2 860 796 
3 926 
0 630 
2 532 664 
1 526 
1 264 
2 352 6 
1 915 
1 686 
0 199 
0 548 
0 299 
3 619 
0 903 
3 664 
1 682 
1 897 
0 485 
3 500 
1 141 
0 671 
1 941 
1 930 
1 663 
1 162 
1 35 
1 124 
0 383 
2 74 387 
0 684 
2 612 193 
1 621 
0 162 
2 153 485 
3 306 
1 1020 
3 85 
3 160 
3 259 
0 638 
1 700 
3 1013 
0 456 
1 1024 
0 9 
1 855 
2 1 596 
3 505 
3 557 
0 789 
1 824 
0 653 
3 455 
2 17 306 
0 840 
0 255 
2 827 538 
1 578 
1 615 
0 617 
0 242 
3 943 
2 827 903 
0 845 
0 352 
2 761 888 
2 137 417 
3 822 
1 89 
0 358 
2 321 148 
0 561 
1 796 
0 290 
2 1024 953 
2 806 224 
0 560 
3 72 
1 670 
3 746 
0 98 
2 25 113 
3 307 
3 510 
0 446 
1 1069 
3 47 
2 17 632 
1 487 
1 896 
1 864 
1 331 
0 417 
3 465 
1 718 
3 889 
2 43 27 
1 787 
0 277 
2 939 964 
2 1088 60 
2 1011 163 
3 1063 
3 220 
3 1019 
1 473 
0 280 
0 858 
2 641 430 
0 966 
3 465 
3 571 
3 390 
0 968 
0 306 
0 334 
0 837 
0 691 
0 853 
3 795 
1 720 
2 344 108 
0 638 
0 533 
2 578 416 
0 802 
2 457 34 
0 500 
0 641 
1 535 
2 562 532 
0 848 
3 661 
0 334 
0 939 
3 347 
1 1098 
3 500 
2 935 21 
0 258 
3 933 
3 78 
3 647 
0 864 
0 821 
3 686 
3 142 
3 580 
0 919 
0 689 
0 50 
2 439 336 
3 453 
1 861 
0 752 
0 389 
3 865 
3 416 
3 791 
3 621 
2 641 337 
2 360 322 
2 433 13 
2 871 409 
0 443 
1 1044 
0 955 
3 1069 
3 731 
0 253 
3 577 
3 1045 
1 996 
1 914 
2 951 589 
3 842 
3 968 
1 45 
1 364 
3 866 
0 476 
0 796 
1 122 
2 309 15 
0 878 
3 483 
0 505 
1 826 
2 1072 139 
1 790 
2 761 682 
2 73 111 
0 323 
1 2 
0 385 
1 796 
1 1095 
2 542 837 
1 464 
1 929 
2 244 400 
2 17 275 
0 681 
0 237 
2 17 734 
0 275 
2 982 95 
3 701 
2 1008 653 
3 244 
3 64 
0 532 
2 941 190 
3 718 
0 793 
0 553 
3 266 
1 413 
0 654 
0 973 
3 1081 
2 1024 449 
3 124 
1 572 
2 940 680 
0 744 
3 434 
2 806 664 
0 733 
3 430 
2 490 915 
3 1005 
2 122 287 
0 832 
0 707 
1 1038 
2 131 524 
0 28 
3 1035 
1 67 
3 836 
2 842 367 
0 958 
3 648 
0 918 
2 734 939 
1 962 
3 958 
0 190 
0 921 
3 1000 
1 195 
2 120 569 
3 555 
1 457 
1 1075 
1 282 
3 854 
0 116 
1 504 
1 972 
1 799 
2 1113 58 
3 251 
1 686 
0 504 
0 593 
3 1130 
3 639 
3 1013 
2 577 544 
1 820 
3 204 
0 291 
1 1077 
1 1005 
0 351 
2 287 121 
1 25 
3 755 
2 261 424 
3 707 
3 346 
1 974 
2 469 54 
2 914 42 
0 480 
1 114 
2 652 672 
3 214 
2 633 762 
1 1061 
3 92 
1 234 
0 576 
3 986 
1 1008 
1 630 
2 259 503 
3 124 
0 844 
3 757 
1 536 
0 217 
3 67 
0 47 
1 1072 
2 789 942 
2 77 143 
2 68 168 
0 558 
3 275 
0 350 
3 19 
3 518 
0 943 
0 553 
1 1029 
2 267 596 
2 131 747 
2 25 251 
2 473 618 
1 190 
2 637 95 
1 632 
0 718 
3 864 
2 912 103 
1 232 
3 1101 
2 202 688 
3 1115 
1 269 
0 708 
3 782 
0 629 
0 79 
3 466 
1 14 
3 63 
2 808 897 
1 213 
3 1038 
2 510 563 
3 294 
0 154 
1 80 
3 1115 
0 157 
3 405 
1 244 
3 558 
0 694 
3 829 
0 41 
3 296 
2 848 335 
1 127 
2 745 780 
3 888 
1 975 
0 390 
2 496 104 
1 725 
0 858 
0 27 
0 447 
0 236 
2 1057 246 
2 621 653 
3 535 
1 245 
1 58 
1 701 
1 750 
0 750 
2 312 12 
3 119 
0 158 
3 572 
0 534 
0 168 
1 775 
1 758 
3 362 
1 314 
3 983 
0 162 
2 196 903 
3 758 
3 855 
1 487 
1 913 
1 689 
2 40 566 
0 429 
3 1007 
2 322 855 
3 346 
2 852 525 
2 876 139 
3 537 
1 174 
3 320 
1 1038 
1 643 
2 574 76 
2 640 944 
1 937 
0 930 
2 129 934 
1 142 
2 870 863 
1 1147 
0 355 
3 1131 
3 526 
1 896 
0 802 
2 742 812 
2 591 240 
0 104 
1 691 
1 820 
3 906 
3 1035 
1 39 
0 211 
1 1105 
3 592 
0 456 
0 45 
1 54 
2 757 569 
3 506 
3 458 
2 411 304 
2 213 770 
1 1115 
1 444 
1 739 
0 153 
1 25 
3 168 
3 1025 
2 131 38 
2 696 607 
3 538 
3 1153 
3 132 
1 630 
2 756 531 
0 310 
2 114 878 
2 907 941 
0 255 
0 595 
0 402 
1 892 
0 739 
3 1163 
1 147 
3 135 
3 11 
0 231 
3 876 
3 886 
3 726 
3 664 
2 291 710 
0 590 
3 174 
1 160 
0 838 
1 1011 
1 817 
3 509 
2 626 980 
0 37 
2 867 675 
1 855 
1 1033 
3 684 
2 868 216 
1 21 
2 1107 939 
0 668 
0 962 
1 1165 
2 658 634 
0 10 
0 883 
3 108 
3 492 
0 405 
3 610 
2 239 559 
3 899 
2 758 524 
2 620 601 
0 636 
1 126 
1 152 
0 748 
0 550 
2 336 956 
0 612 
3 382 
0 98 
3 784 
3 62 
2 790 699 
2 1060 482 
3 1089 
3 79 
2 992 134 
2 1022 318 
1 1007 
1 995 
3 12 
3 713 
2 446 240 
1 363 
3 730 
1 442 
0 776 
2 509 785 
2 232 468 
3 392 
1 1043 
0 315 
2 916 949 
1 111 
1 66 
3 905 
2 367 431 
0 622 
3 422 
0 838 
0 228 
0 371 
2 743 358 
1 444 
3 610 
0 927 
2 51 68 
0 52 
2 189 753 
2 58 529 
3 805 
3 625 
0 484 
3 494 
0 452 
0 149 
1 199 
3 584 
2 32 192 
1 983 
1 148 
2 873 153 
0 883 
2 915 639 
2 518 536 
2 258 595 
2 555 837 
3 633 
2 14 743 
2 677 409 
0 577 
2 1003 505 
0 319 
2 922 877 
2 5 895 
3 269 
1 803 
0 351 
3 11 
1 336 
0 387 
0 427 
2 427 47 
0 552 
3 647 
0 817 
1 961 
1 505 
3 728 
3 416 
3 584 
3 102 
0 263 
1 440 
2 1175 669 
2 316 68 
2 1138 71 
1 356 
2 362 283 
3 1098 
3 832 
1 635 
2 749 660 
0 590 
3 464 
3 284 
2 6 844 
0 261 
3 700 
2 872 215 
2 944 665 
2 505 92 
1 495 
3 388 
3 258 
1 29 
2 89 485 
0 350 
2 310 59 
2 252 718 
3 597 
0 969 
1 1033 
0 147 
0 425 
0 783 
1 952 
2 946 638 
1 646 
3 600 
3 460 
2 547 826 
2 880 608 
1 492 
2 301 472 
2 348 899 
1 518 
2 255 509 
2 755 299 
0 743 
3 1042 
0 419 
3 766 
0 232 
2 321 687 
0 573 
1 883 
1 466 
1 819 
3 1177 
1 394 
2 928 410 
1 908 
0 392 
2 898 816 
1 1027 
0 847 
3 588 
3 280 
1 824 
0 493 
1 1139 
1 260 
3 228 
2 781 953 
0 418 
1 913 
2 1076 363 
3 417 
2 439 354 
2 766 729 
1 174 
2 319 932 
3 786 
2 68 418 
2 782 769 
2 513 802 
1 557 
3 972 
2 681 517 
2 923 356 
3 118 
3 869 
2 972 677 
0 183 
1 653 
0 61 
1 326 
1 1220 
3 777 
1 155 
0 818 
1 383 
1 82 
3 112 
2 607 303 
2 648 507 
1 277 
2 329 994 
3 617 
2 368 974 
0 922 
1 48 
2 541 163 
2 742 764 
2 1103 57 
3 1186 
3 432 
3 1018 
2 299 427 
0 960 
1 850 
1 399 
2 380 521 
0 91 
3 868 
1 845 
1 954 
2 24 319 
1 916 
1 798 
0 584 
1 1079 
2 46 87 
3 146 
0 963 
3 1146 
2 811 695 
3 926 
0 883 
1 789 
2 656 879 
2 744 711 
3 833 
1 441 
1 1053 
0 235 
1 1175 
1 577 
2 307 794 
2 150 450 
3 350 
0 556 
3 844 
3 243 
1 208 
2 82 557 
1 105 
1 348 
2 354 455 
2 1073 969 
1 1086 
0 203 
3 100 
1 1094 
0 779 
2 49 262 
0 492 
0 906 
1 723 
1 30 
0 721 
0 368 
3 617 
2 934 4 
3 1011 
2 996 31 
1 809 
2 939 58 
1 1048 
1 432 
2 1154 868 
3 598 
2 404 442 
1 1101 
0 647 
1 18 
3 361 
3 487 
0 906 
3 747 
2 1108 184 
3 99 
3 800 
2 290 586 
3 1217 
1 1208 
2 1071 462 
0 436 
2 836 657 
3 312 
1 519 
2 228 768 
3 217 
2 625 147 
3 538 
0 510 
2 853 203 
0 492 
2 978 527 
1 649 
0 781 
1 557 
0 348 
2 316 668 
1 273 
3 974 
2 101 176 
1 171 
2 149 140 
0 53 
3 698 
1 576 
3 437 
0 722 
2 348 551 
3 288 
0 604 
1 1195 
3 1246 
2 289 760 
2 1144 477 
0 823 
2 1092 293 
2 434 830 
0 594 
0 599 
2 106 34 
1 632 
1 641 
0 476 
0 779 
1 1190 
0 693 
3 1218 
3 1246 
0 686 
1 651 
3 1236 
1 1200 
3 530 
1 1233 
0 121 
2 88 382 
0 412 
1 220 
3 1075 
1 1207 
3 1125 
1 1102 
0 434 
1 172 
3 883 
1 402 
2 334 47 
1 472 
3 641 
0 372 
2 1109 527 
3 310 
0 940 
1 495 
1 805 
2 959 488 
3 103 
0 515 
1 335 
1 924 
1 404 
2 626 285 
0 290 
3 690 
0 457 
3 292 
0 99 
1 520 
3 25 
0 869 
1 403 
0 47 
1 1223 
3 384 
3 910 
2 1115 484 
0 403 
0 311 
1 273 
0 840 
3 1068 
0 837 
2 729 648 
3 206 
3 853 
2 83 972 
3 1268 
1 810 
3 451 
2 429 125 
0 825 
0 419 
2 426 51 
2 1050 639 
1 1074 
1 631 
0 547 
2 454 742 
3 357 
2 149 137 
3 1251 
0 502 
3 1134 
1 760 
1 827 
0 976 
0 785 
2 193 117 
0 476 
2 750 591 
1 1180 
3 1002 
1 147 
2 1277 724 
0 930 
0 741 
2 1238 13 
2 1082 869 
0 72 
2 1096 155 
3 662 
3 39 
1 182 
1 37 
0 653 
2 785 766 
0 706 
0 23 
2 767 128 
0 335 
1 542 
2 624 381 
0 506 
1 492 
3 85 
2 40 408 
3 281 
2 841 809 
0 469 
3 1122 
0 822 
0 969 
2 70 37 
2 896 843 
0 378 
1 595 
3 120 
0 418 
3 863 
3 624 
0 314 
1 146 
0 706 
0 769 
1 291 
1 329 
0 927 
1 968 
2 1132 664 
1 966 
0 752 
0 842 
2 469 425 
1 31 
2 509 883 
2 423 398 
0 242 
3 272 
3 556 
0 621 
2 1008 816 
3 514 
3 1301 
3 471 
1 571 
1 0 
0 794 
1 808 
0 191 
3 637 
1 1182 
3 1120 
1 686 
1 628 
0 871 
1 933 
1 1297 
1 795 
0 292 
1 778 
1 200 
1 1272 
3 996 
1 87 
1 850 
0 55 
1 821 
0 844 
1 819 
1 712 
0 432 
1 91 
0 3 
3 1005 
1 1112 
3 685 
2 86 647 
3 742 
0 426 
0 3 
2 677 34 
0 783 
2 1043 368 
2 1155 746 
3 237 
1 1035 
1 801 
0 973 
2 1114 259 
1 347 
0 857 
2 472 411 
3 207 
1 205 
2 1078 341 
2 1094 746 
1 184 
3 148 
3 1045 
0 323 
3 428 
1 1293 
0 968 
3 1267 
2 216 996 
0 384 
2 492 149 
0 111 
1 152 
2 488 764 
1 155 
0 938 
2 913 725 
1 972 
2 777 839 
0 585 
0 461 
1 78 
0 357 
2 1296 827 
2 69 707 
0 211 
0 544 
0 954 
2 358 939 
0 796 
1 983 
3 622 
0 368 
2 242 46 
1 494 
0 873 
1 1194 
2 880 765 
3 1279 
1 1078 
1 1091 
3 717 
1 611 
1 412 
2 18 136 
2 10 395 
3 843 
0 357 
2 1006 384 
1 1275 
1 548 
3 319 
2 842 357 
1 485 
1 551 
1 1024 
0 287 
3 896 
0 369 
1 439 
2 587 298 
0 891 
2 1020 306 
3 1114 
3 269 
0 593 
2 80 322 
0 735 
0 247 
1 1049 
0 650 
2 1229 647 
2 937 480 
2 445 328 
1 685 
3 1117 
1 284 
1 403 
2 97 246 
3 333 
0 862 
1 113 
0 102 
2 429 82 
3 336 
3 586 
1 129 
3 708 
3 854 
2 596 507 
0 355 
3 110 
2 692 980 
3 310 
2 661 988 
3 885 
0 281 
3 859 
1 271 
3 1325 
2 393 910 
2 492 348 
3 744 
3 464 
0 292 
2 690 718 
3 464 
2 1074 439 
3 1274 
2 875 866 
2 628 763 
2 543 200 
2 1278 381 
0 674 
3 1 
1 545 
1 1076 
3 629 
1 515 
2 856 447 
2 1349 244 
3 209 
1 906 
2 272 268 
3 82 
3 1301 
3 1270 
0 970 
3 426 
0 111 
1 248 
2 410 48 
1 348 
3 144 
2 1318 663 
3 1182 
0 622 
1 1281 
2 1332 779 
3 503 
0 180 
1 452 
2 381 776 
0 638 
3 381 
2 438 942 
3 938 
3 712 
0 124 
1 850 
1 127 
3 558 
1 955 
1 496 
2 1337 88 
2 795 129 
0 633 
2 1214 673 
1 649 
3 841 
2 1156 538 
2 438 812 
2 349 320 
0 55 
2 53 243 
1 380 
1 1126 
1 413 
2 746 672 
0 428 
0 274 
3 356 
0 979 
3 1356 
0 677 
0 496 
3 930 
1 495 
0 842 
3 884 
1 635 
3 1010 
3 1067 
3 912 
1 628 
2 558 132 
3 741 
1 966 
3 1152 
0 431 
2 62 650 
3 141 
3 1010 
0 608 
2 750 65 
1 834 
1 442 
3 669 
3 1155 
0 638 
1 752 
2 75 647 
2 1234 364 
2 167 779 
3 988 
3 1073 
0 168 
3 271 
1 859 
1 90 
1 1122 
3 542 
2 343 71 
1 670 
0 659 
0 783 
1 40 
2 1101 960 
0 253 
1 1198 
0 701 
3 1206 
2 1132 596 
0 921 
1 940 
3 397 
1 332 
2 1319 749 
1 237 
2 35 237 
1 250 
2 571 608 
3 1361 
0 630 
2 1049 26 
2 57 505 
0 76 
0 333 
1 941 
0 293 
0 686 
3 784 
2 307 827 
0 680 
0 430 
1 919 
2 21 564 
3 958 
2 687 33 
2 1283 610 
3 348 
1 1112 
1 1081 
1 385 
1 456 
1 907 
0 460 
3 135 
0 160 
0 601 
3 271 
0 294 
2 983 352 
2 1244 988 
2 106 972 
0 964 
2 189 529 
3 155 
2 398 597 
0 870 
3 295 
2 594 221 
3 1307 
0 976 
1 350 
2 961 218 
0 101 
1 1209 
2 865 329 
1 538 
1 998 
2 44 48 
2 1148 244 
2 949 574 
1 500 
2 1158 882 
2 276 353 
2 1326 951 
0 431 
1 169 
0 917 
0 94 
2 209 669 
1 721 
1 777 
0 912 
3 115 
0 704 
1 271 
2 896 458 
3 752 
0 487 
1 77 
0 87 
0 787 
3 1212 
3 1160 
2 395 247 
0 739 
3 1210 
2 831 372 
2 30 28 
3 820 
3 1052 
2 1355 941 
3 983 
3 1313 
1 444 
3 1357 
3 145 
1 173 
1 1138 
0 76 
2 912 899 
3 1349 
0 711 
0 821 
2 255 472 
1 807 
0 435 
0 252 
2 1123 677 
1 483 
2 693 275 
0 582 
1 859 
3 196 
1 886 
1 700 
1 908 
2 1157 977 
3 1120 
2 315 632 
1 257 
1 968 
0 578 
0 499 
3 625 
3 828 
0 425 
3 1260 
2 666 435 
0 861 
2 1029 40 
2 945 396 
3 881 
2 566 213 
1 457 
3 1113 
1 610 
0 396 
2 1146 50 
1 517 
1 1289 
0 568 
1 1381 
2 1391 38 
1 93 
1 176 
1 59 
0 29 
1 482 
1 904 
1 494 
1 874 
0 471 
0 511 
1 1171 
0 525 
0 395 
2 306 99 
1 759 
1 761 
1 1013 
3 757 
2 343 367 
3 1170 
1 499 
2 166 958 
1 762 
2 1069 642 
1 1287 
0 863 
2 612 37 
1 934 
2 87 503 
1 480 
2 545 749 
1 1317 
0 901 
2 624 922 
3 616 
3 303 
0 3 
1 676 
2 496 992 
2 510 965 
1 854 
1 718 
1 123 
2 639 473 
1 1074 
2 1246 840 
3 469 
1 1025 
1 1326 
1 1180 
0 286 
1 391 
2 507 71 
0 616 
1 422 
2 301 684 
3 941 
3 939 
0 514 
1 635 
0 961 
2 80 536 
1 388 
0 555 
3 974 
0 21 
0 62 
3 810 
1 621 
3 1179 
2 819 533 
0 749 
0 579 
2 581 4 
2 973 540 
0 329 
0 817 
2 991 298 
3 168 
0 369 
0 622 
3 342 
3 1334 
1 127 
1 869 
0 252 
0 376 
2 1185 565 
3 96 
1 1097 
1 1257 
2 676 424 
3 570 
3 277 
3 760 
1 995 
1 297 
1 1242 
3 351 
2 436 701 
2 1136 598 
1 1389 
2 1419 885 
3 675 
3 1231 
0 829 
2 1392 404 
0 334 
3 474 
3 737 
2 390 306 
2 705 816 
2 185 68 
1 195 
2 1090 844 
3 1418 
3 766 
1 874 
1 342 
3 1191 
2 1376 23 
2 931 510 
1 969 
0 768 
1 1359 
3 316 
2 694 830 
1 308 
3 580 
1 885 
2 30 3 
1 154 
3 452 
2 582 364 
0 729 
2 269 859 
0 202 
2 864 507 
1 419 
2 1200 932 
1 1324 
3 408 
3 173 
3 1214 
0 81 
0 242 
1 575 
3 1187 
2 1026 866 
0 672 
1 1143 
2 553 788 
2 246 844 
3 217 
0 284 
0 865 
1 1158 
1 1110 
3 1107 
2 233 20 
0 440 
2 1383 114 
3 669 
2 722 586 
3 421 
3 1346 
2 1131 962 
3 247 
3 969 
3 1075 
0 658 
1 555 
2 277 796 
3 590 
3 132 
0 699 
0 299 
2 1288 681 
1 867 
2 852 250 
1 233 
1 329 
0 874 
3 1420 
2 455 749 
3 640 
2 757 332 
1 889 
1 64 
0 144 
0 731 
3 711 
2 1290 648 
2 1052 475 
3 503 
2 1378 160 
3 1379 
0 205 
3 1326 
3 547 
0 166 
0 46 
0 115 
1 1142 
1 370 
3 1098 
2 1329 717 
0 500 
1 354 
0 419 
3 734 
0 41 
3 964 
0 86 
2 279 12 
0 487 
3 414 
3 257 
1 263 
1 1261 
1 320 
0 907 
2 566 755 
1 689 
1 979 
1 358 
2 1414 427 
0 658 
0 274 
1 1077 
3 734 
1 512 
1 925 
0 513 
0 221 
3 139 
1 124 
1 460 
1 1219 
2 178 510 
1 453 
1 994 
3 366 
3 1404 
0 971 
2 316 321 
0 413 
2 666 700 
0 260 
3 571 
1 920 
0 205 
0 248 
1 597 
2 864 783 
2 1398 385 
2 174 481 
1 1165 
0 100 
1 1459 
2 328 868 
3 662 
0 685 
2 306 424 
0 742 
0 591 
3 1061 
2 714 172 
2 1224 177 
0 271 
3 101 
0 314 
0 676 
3 1311 
0 797 
3 818 
2 494 248 
1 1133 
3 618 
0 204 
3 1253 
3 11 
3 249 
0 8 
1 420 
0 964 
3 696 
2 247 457 
0 635 
1 1279 
2 798 514 
1 596 
0 65 
2 1010 372 
2 1091 590 
1 1263 
2 465 282 
0 301 
1 1185 
1 1257 
3 90 
3 13 
3 305 
2 75 619 
1 731 
2 210 920 
3 327 
0 254 
3 759 
3 785 
1 516 
3 844 
1 341 
1 1469 
1 705 
1 955 
2 1045 506 
1 842 
2 1153 804 
3 471 
2 368 39 
3 396 
0 415 
3 353 
1 778 
3 407 
3 38 
3 766 
3 1246 
2 835 364 
0 502 
3 453 
0 301 
0 167 
2 559 112 
1 362 
0 447 
2 987 200 
0 361 
2 147 796 
3 907 
2 59 648 
3 1250 
3 857 
0 843 
3 662 
3 1137 
0 880 
0 21 
2 1461 819 
0 910 
1 1459 
2 477 374 
2 1206 956 
3 482 
0 1 
0 948 
3 773 
2 508 663 
1 341 
0 1000 
0 536 
2 1056 138 
2 239 195 
1 584 
3 135 
0 24 
0 624 
3 193 
1 690 
3 1009 
3 1042 
0 322 
1 1461 
2 86 376 
0 796 
3 1054 
0 290 
3 1102 
2 483 637 
2 669 464 
3 262 
0 968 
3 134 
2 798 41 
2 872 241 
0 664 
2 495 306 
1 946 
2 547 419 
3 80 
1 74 
3 993 
3 1123 
3 1449 
1 836 
2 114 262 
1 1034 
0 712 
3 1208 
0 870 
2 1220 621 
1 190 
1 599 
3 938 
3 432 
0 764 
0 312 
1 679 
1 318 
3 255 
2 398 690 
1 383 
3 153 
1 1084 
1 759 
2 956 379 
3 907 
2 75 269 
0 14 
2 481 718 
2 189 862 
2 661 578 
2 1410 842 
0 396 
1 200 
3 408 
1 729 
1 1038 
3 254 
0 535 
0 121 
2 1483 428 
1 568 
3 113 
3 1245 
2 390 499 
1 819 
2 959 467 
0 416 
3 237 
0 360 
0 886 
0 161 
1 1401 
2 631 772 
0 894 
0 945 
0 646 
2 1372 352 
0 32 
3 1117 
2 1497 548 
2 615 344 
2 960 252 
0 840 
0 72 
0 280 
0 486 
0 55 
2 142 743 
3 475 
3 1426 
1 1016 
1 1472 
3 939 
0 841 
1 1385 
1 1307 
3 586 
0 435 
2 1232 548 
0 531 
0 867 
0 922 
0 438 
2 340 585 
0 850 
0 688 
1 302 
0 822 
3 250 
1 536 
3 361 
3 766 
2 1371 374 
3 35 
1 684 
3 1290 
0 14 
3 1452 
3 795 
1 551 
0 292 
0 914 
3 23 
3 1079 
0 876 
2 1093 31 
1 1331 
0 86 
1 459 
2 1210 182 
1 1017 
3 1287 
2 411 136 
3 781 
0 41 
3 326 
1 355 
3 812 
0 724 
0 591 
1 231 
0 116 
2 122 780 
1 802 
3 211 
3 1426 
0 987 
1 222 
3 1449 
2 972 349 
2 1300 407 
0 600 
3 815 
1 1144 
0 145 
0 271 
0 846 
3 830 
0 437 
1 587 
0 341 
3 836 
2 1385 856 
2 1444 246 
2 1182 172 
0 850 
1 64 
3 151 
0 312 
3 228 
3 829 
2 1165 865 
3 78 
1 1418 
2 240 479 
0 456 
0 411 
3 44 
3 1382 
0 411 
3 535 
3 1122 
1 1398 
0 893 
3 332 
1 777 
3 1291 
1 1191 
3 928 
3 1295 
3 455 
3 1390 
1 1223 
0 488 
1 1055 
1 1522 
0 538 
0 519 
3 30 
0 980 
2 206 76 
1 393 
0 159 
1 886 
1 217 
3 637 
2 463 40 
0 562 
2 1264 392 
3 1409 
2 229 707 
2 1037 797 
3 1262 
2 1535 42 
0 633 
2 1359 315 
1 938 
2 1340 411 
0 194 
1 131 
0 527 
3 934 
0 350 
1 1040 
3 298 
1 447 
3 881 
1 1006 
0 405 
3 1031 
1 1453 
3 1376 
0 705 
2 662 324 
0 801 
2 576 73 
1 271 
2 298 453 
3 1350 
2 111 604 
1 216 
0 486 
3 1391 
3 1070 
3 140 
1 139 
0 568 
3 493 
1 569 
1 675 
2 1390 178 
0 196 
0 257 
1 184 
3 50 
1 1310 
3 286 
3 1439 
0 19 
3 543 
1 616 
2 493 413 
1 30 
1 655 
0 700 
2 1185 488 
0 430 
3 1513 
0 447 
1 1245 
0 464 
0 702 
0 192 
1 161 
3 223 
0 941 
2 1279 784 
3 242 
3 1173 
3 225 
0 373 
2 633 89 
2 20 360 
2 426 415 
0 348 
1 518 
1 570 
3 1143 
2 1540 121 
3 661 
1 619 
2 1238 416 
0 64 
0 265 
2 228 650 
0 706 
0 307 
1 740 
3 120 
0 991 
3 1103 
0 632 
0 566 
3 1533 
2 1075 161 
2 1519 194 
0 33 
2 389 479 
1 548 
3 991 
3 943 
1 1191 
3 1105 
1 934 
3 639 
1 916 
1 909 
1 219 
1 1455 
3 473 
1 1223 
2 742 173 
1 1251 
1 286 
0 485 
2 1329 552 
1 516 
2 1205 514 
1 552 
2 596 964 
2 149 684 
1 215 
0 588 
2 211 428 
2 662 570 
1 14 
1 210 
2 1357 688 
1 1292 
0 918 
0 850 
0 483 
1 779 
2 470 112 
0 185 
2 1245 180 
1 358 
0 488 
1 288 
0 178 
3 236 
2 455 148 
2 211 1 
0 230 
0 870 
1 349 
3 1069 
0 938 
1 982 
1 1556 
2 1129 128 
3 1065 
2 1065 692 
1 1331 
0 520 
0 714 
1 1125 
2 638 634 
1 1023 
1 1048 
0 842 
1 1499 
3 845 
3 1182 
2 567 765 
1 1434 
3 1466 
0 444 
0 369 
3 435 
3 1476 
3 1464 
1 480 
1 1168 
1 843 
2 984 407 
1 1370 
3 240 
2 312 75 
3 1285 
3 1478 
1 715 
1 733 
2 319 717 
0 960 
1 712 
1 1485 
3 644 
0 390 
1 1505 
2 792 259 
0 435 
2 1216 84 
3 1066 
2 647 989 
0 626 
3 585 
2 1106 334 
3 304 
3 746 
2 1514 369 
0 841 
1 135 
0 696 
3 886 
0 805 
2 618 74 
3 484 
2 669 32 
0 272 
2 72 887 
0 239 
1 99 
0 869 
2 714 244 
0 307 
1 343 
1 130 
2 1367 510 
3 1574 
3 1244 
0 149 
0 797 
1 406 
2 349 592 
1 626 
1 1366 
3 532 
2 850 568 
1 996 
1 199 
0 713 
2 559 946 
0 415 
2 661 351 
3 301 
0 721 
0 46 
1 478 
0 623 
0 892 
0 436 
0 404 
1 1160 
1 542 
2 1100 568 
3 632 
1 473 
3 976 
2 814 562 
2 30 448 
3 1508 
2 922 481 
1 147 
2 1002 964 
2 332 9 
0 268 
0 984 
1 222 
0 549 
3 1098 
2 620 390 
2 1406 577 
2 1067 564 
0 110 
0 125 
2 900 623 
0 331 
2 20 318 
1 82 
0 454 
0 13 
2 321 788 
1 417 
1 1123 
0 531 
3 1488 
0 363 
1 1101 
1 1238 
3 149 
1 1151 
2 718 974 
1 916 
0 684 
0 884 
0 212 
3 914 
1 422 
0 15 
2 1028 143 
3 431 
2 1532 171 
1 22 
1 939 
0 398 
1 1214 
1 202 
1 610 
1 1068 
3 866 
2 1338 521 
0 54 
0 621 
1 1476 
0 521 
1 507 
3 196 
0 237 
1 420 
1 456 
0 286 
2 1174 870 
1 1272 
0 404 
2 680 933 
0 907 
2 437 149 
2 50 152 
0 699 
1 110 
2 1138 362 
1 387 
2 552 977 
2 836 803 
0 527 
0 61 
3 603 
3 1050 
2 115 508 
2 1283 690 
2 75 382 
1 820 
3 1177 
1 1326 
0 762 
3 981 
2 45 787 
0 550 
3 719 
2 860 509 
0 36 
3 560 
