640
105
8
634
188
912
188
851
975
912
940
975
105
65
851
928
963
340
984
564
787
872
564
339
486
122
729
968
641
734
27
274
27
293
350
273
499
600
486
65
350
516
27
544
340
632
499
273
298
321
281
927
321
912
445
287
340
232
92
507
350
500
222
350
503
37
500
912
350
27
222
215
453
912
870
222
168
53
632
37
209
486
776
209
98
196
277
992
274
415
468
298
812
810
350
70
505
757
505
365
756
654
577
975
601
495
654
565
38
350
89
812
641
358
945
520
990
513
456
776
963
8
221
616
378
621
566
474
209
992
88
822
577
222
342
990
516
886
65
117
117
601
40
209
158
92
732
8
757
870
834
209
6
907
499
468
98
887
402
826
310
183
355
353
209
89
494
287
37
52
540
16
972
16
50
318
815
183
631
13
468
887
521
621
6
834
600
318
634
900
223
849
40
582
8
801
57
929
212
358
540
960
688
367
628
911
701
30
287
428
686
123
340
64
317
585
954
43
941
358
183
804
975
903
52
52
418
768
16
362
378
464
318
93
601
827
985
382
64
166
1
476
686
40
577
225
102
804
963
375
963
643
13
258
35
877
494
875
215
458
877
93
636
966
533
686
16
476
427
382
259
91
797
358
411
775
651
571
314
854
502
990
300
317
73
6
196
53
960
643
733
53
505
93
725
631
664
83
804
804
402
913
418
852
168
168
459
862
642
751
578
333
1000
520
945
540
508
72
158
33
216
52
972
980
662
358
225
623
15
72
648
776
977
93
623
944
343
876
726
144
214
27
423
343
421
516
43
875
662
434
686
877
738
141
434
126
651
333
662
33
851
505
992
664
445
182
769
594
494
631
871
980
626
58
565
225
296
445
57
202
370
898
458
565
344
90
790
168
280
564
378
144
417
725
502
333
434
23
509
884
552
552
518
228
35
424
936
980
223
229
784
431
242
457
119
209
434
945
585
921
652
532
242
909
275
929
720
348
945
849
631
577
621
992
434
857
521
348
43
623
842
581
500
871
996
48
812
577
980
852
552
790
1000
289
571
815
996
513
924
126
935
287
768
953
720
792
328
539
605
229
681
935
807
626
686
968
648
4
911
289
464
652
251
631
534
56
476
587
504
953
914
911
779
807
891
931
90
592
631
61
945
64
796
53
434
354
127
651
35
975
113
423
975
653
832
867
626
77
775
629
325
60
325
903
540
79
456
540
571
464
571
752
255
960
947
621
883
368
609
975
577
328
93
64
679
445
796
822
726
936
183
127
112
881
961
126
27
375
163
822
385
60
53
76
126
513
246
38
168
752
295
877
453
592
581
172
973
375
270
729
148
540
879
540
169
832
521
328
245
109
761
656
796
623
253
30
802
761
937
577
504
936
969
172
585
76
280
77
503
76
337
375
18
772
113
871
285
198
651
246
533
47
532
124
320
351
947
995
432
61
174
581
719
577
263
719
960
769
163
172
520
158
583
504
581
513
266
759
503
254
695
533
280
93
970
947
358
287
27
546
371
753
786
894
154
300
43
911
285
658
743
686
973
921
87
638
550
813
252
595
813
68
972
564
189
117
826
585
702
970
848
140
453
21
376
513
684
802
924
255
103
969
163
651
656
677
374
102
384
38
937
189
924
210
459
409
494
684
721
48
791
887
388
723
738
965
965
590
364
89
124
970
5
815
422
685
504
763
540
915
177
532
453
177
533
364
458
448
554
494
850
945
265
677
364
771
603
201
504
176
815
756
960
371
53
619
476
99
202
950
271
561
615
718
350
720
8
6
948
372
957
686
267
42
509
676
618
456
503
396
759
207
388
987
397
565
624
23
72
619
457
33
285
957
553
603
242
287
784
686
447
61
877
180
126
453
532
180
815
57
278
619
869
71
503
587
250
365
58
955
68
8
425
910
285
323
483
991
197
750
780
619
168
404
238
467
972
519
779
703
381
823
216
68
145
721
962
554
180
98
221
163
743
189
61
8
234
624
461
223
342
631
698
33
210
493
61
370
217
559
960
242
543
874
762
461
759
236
565
519
44
328
532
588
815
964
71
784
287
144
216
395
654
93
715
592
819
984
54
726
156
973
991
47
789
395
618
770
957
288
813
540
656
191
698
872
797
408
396
784
238
394
668
380
320
319
685
180
374
766
13
251
702
830
544
879
226
987
323
288
581
753
822
392
997
38
320
45
473
784
752
762
656
679
370
255
382
574
506
33
47
588
694
984
972
193
737
791
889
423
672
325
371
751
311
783
217
842
33
325
216
910
148
158
408
408
141
576
965
446
619
828
503
98
555
389
43
842
770
581
653
664
793
774
520
198
1000
51
796
975
619
832
364
863
30
185
24
448
362
615
752
416
726
578
990
677
242
38
392
447
143
788
888
911
779
744
935
763
333
783
446
653
824
823
649
987
605
152
506
576
567
358
537
582
344
690
604
529
924
905
336
77
36
889
144
502
477
842
152
774
520
372
658
198
637
626
672
204
880
815
919
323
81
871
269
855
243
725
679
351
333
107
886
41
835
842
321
478
321
662
741
822
886
518
38
145
449
372
960
214
61
636
788
823
87
972
877
843
441
27
622
476
777
516
866
361
771
103
394
763
722
580
300
300
987
694
361
196
271
374
485
609
520
988
371
429
429
529
609
137
914
275
743
719
495
902
124
721
358
988
223
123
933
448
668
849
604
913
177
622
197
548
139
681
51
221
623
193
847
162
940
223
847
965
233
24
304
555
990
802
768
111
869
842
153
232
64
821
269
149
843
258
139
976
503
671
763
309
635
122
34
139
98
619
842
613
766
161
968
622
581
719
874
653
924
503
426
473
277
739
605
426
884
653
267
543
456
400
913
719
639
104
180
755
323
347
682
805
980
23
863
281
330
103
885
868
447
125
863
538
577
385
131
832
221
294
251
900
242
168
44
680
538
315
111
972
668
913
914
78
934
232
145
485
613
45
967
688
105
1000
903
965
635
587
336
475
965
779
315
763
589
950
906
337
996
101
161
702
215
449
821
718
109
876
281
702
914
572
392
38
340
782
977
830
256
198
215
658
720
224
290
715
531
42
310
504
578
791
256
363
334
288
315
485
763
774
533
275
387
685
508
147
596
242
685
98
601
206
838
103
98
183
543
52
638
462
534
847
308
613
148
448
404
563
942
232
37
908
845
879
762
161
153
372
348
463
990
552
226
372
586
572
580
416
476
876
726
813
255
489
165
410
706
408
782
122
311
387
139
681
886
131
47
689
12
144
839
1000
662
378
358
922
929
646
404
552
668
845
417
777
228
290
618
618
835
301
378
739
529
423
942
121
520
503
990
439
998
439
165
821
724
742
563
752
943
940
275
983
505
993
308
426
694
580
284
792
358
203
183
237
495
577
838
111
994
461
521
964
990
864
290
431
721
816
981
484
148
763
149
384
653
524
230
848
47
42
654
942
987
491
612
489
862
400
665
94
694
343
502
293
557
793
130
802
916
441
455
71
619
360
384
348
360
825
810
425
242
914
657
888
630
642
869
3
694
274
993
177
232
602
468
139
290
883
222
185
392
430
762
847
866
133
941
427
227
372
228
55
4
58
918
966
618
796
288
687
216
68
793
6
981
206
781
59
830
880
899
638
906
720
630
336
351
531
371
715
461
217
166
598
823
403
544
781
534
492
368
492
500
260
653
465
25
762
116
274
743
842
358
221
632
527
209
467
401
287
665
856
983
290
888
594
233
275
826
664
499
74
271
976
55
246
536
272
163
88
21
339
371
832
843
543
351
348
650
369
471
801
228
922
9
591
720
297
442
680
64
639
336
40
797
553
770
743
532
772
862
779
177
457
879
693
631
406
926
448
294
921
351
921
229
439
959
428
906
311
185
802
603
770
180
578
3
801
270
185
560
610
19
970
116
275
630
161
115
248
402
507
964
667
639
586
764
531
494
246
981
520
61
488
460
512
753
304
168
990
605
372
458
777
169
275
802
584
553
720
769
867
230
350
122
344
789
301
779
698
145
419
46
131
695
796
